Résolution approchée pour plat/plat40.dat points à visiter :
Proches voisins 
P : [1, 4, 14, 3, 35, 20, 9, 17, 8, 16, 30, 6, 25, 33, 13, 29, 7, 10, 32, 26, 36, 22, 21, 38, 39, 28, 12, 31, 5, 40, 34, 27, 24, 23, 15, 11, 19, 18, 2, 37, 1]
Parcours de base :
[4, 37, 35, 14, 40, 25, 10, 16, 17, 32, 19, 31, 29, 3, 11, 30, 8, 2, 18, 9, 38, 21, 15, 23, 33, 36, 24, 12, 7, 6, 5, 26, 13, 27, 20, 22, 1, 39, 28, 34]
Coût de base :
293
##################
#########################################################################################
Δ < 0 trouvé : 
           Δ((i = 14, j = 3);(i' = 15, j' = 11) = -3
           Parcours initial : [4, 37, 35, 14, 40, 25, 10, 16, 17, 32, 19, 31, 29, 3, 11, 30, 8, 2, 18, 9, 38, 21, 15, 23, 33, 36, 24, 12, 7, 6, 5, 26, 13, 27, 20, 22, 1, 39, 28, 34]
           Parcours modifié : [4, 37, 11, 14, 40, 25, 10, 16, 17, 32, 19, 31, 29, 15, 3, 30, 8, 2, 18, 9, 38, 21, 15, 23, 33, 36, 24, 12, 7, 6, 5, 26, 13, 27, 20, 22, 1, 39, 28, 34]
           Coût init 293 - Coût modif 852
           Variation de coût : 559
           > Coût supérieur obtenu avec ce nouveau parcours -> Solution non améliorante.
           Parcours retourné : [4, 37, 35, 14, 40, 25, 10, 16, 17, 32, 19, 31, 29, 3, 11, 30, 8, 2, 18, 9, 38, 21, 15, 23, 33, 36, 24, 12, 7, 6, 5, 26, 13, 27, 20, 22, 1, 39, 28, 34]
#########################################################################################
#########################################################################################
Δ < 0 trouvé : 
           Δ((i = 3, j = 35);(i' = 11, j' = 19) = -19
           Parcours initial : [4, 37, 35, 14, 40, 25, 10, 16, 17, 32, 19, 31, 29, 3, 11, 30, 8, 2, 18, 9, 38, 21, 15, 23, 33, 36, 24, 12, 7, 6, 5, 26, 13, 27, 20, 22, 1, 39, 28, 34]
           Parcours modifié : [4, 37, 11, 14, 40, 25, 10, 16, 17, 32, 35, 31, 29, 3, 11, 30, 8, 2, 18, 9, 38, 21, 15, 23, 33, 36, 24, 12, 7, 6, 5, 26, 13, 27, 19, 22, 1, 39, 28, 34]
           Coût init 293 - Coût modif 564
           Variation de coût : 271
           > Coût supérieur obtenu avec ce nouveau parcours -> Solution non améliorante.
           Parcours retourné : [4, 37, 35, 14, 40, 25, 10, 16, 17, 32, 19, 31, 29, 3, 11, 30, 8, 2, 18, 9, 38, 21, 15, 23, 33, 36, 24, 12, 7, 6, 5, 26, 13, 27, 20, 22, 1, 39, 28, 34]
#########################################################################################
#########################################################################################
Δ < 0 trouvé : 
           Δ((i = 16, j = 30);(i' = 33, j' = 13) = -3
           Parcours initial : [4, 37, 35, 14, 40, 25, 10, 16, 17, 32, 19, 31, 29, 3, 11, 30, 8, 2, 18, 9, 38, 21, 15, 23, 33, 36, 24, 12, 7, 6, 5, 26, 13, 27, 20, 22, 1, 39, 28, 34]
           Parcours modifié : [4, 37, 35, 14, 40, 25, 10, 16, 17, 32, 19, 31, 29, 3, 11, 33, 8, 2, 18, 9, 38, 21, 15, 23, 33, 36, 24, 12, 7, 13, 5, 26, 30, 27, 20, 22, 1, 39, 28, 34]
           Coût init 293 - Coût modif 368
           Variation de coût : 75
           > Coût supérieur obtenu avec ce nouveau parcours -> Solution non améliorante.
           Parcours retourné : [4, 37, 35, 14, 40, 25, 10, 16, 17, 32, 19, 31, 29, 3, 11, 30, 8, 2, 18, 9, 38, 21, 15, 23, 33, 36, 24, 12, 7, 6, 5, 26, 13, 27, 20, 22, 1, 39, 28, 34]
#########################################################################################
#########################################################################################
Δ < 0 trouvé : 
           Δ((i = 33, j = 13);(i' = 16, j' = 30) = -3
           Parcours initial : [4, 37, 35, 14, 40, 25, 10, 16, 17, 32, 19, 31, 29, 3, 11, 30, 8, 2, 18, 9, 38, 21, 15, 23, 33, 36, 24, 12, 7, 6, 5, 26, 13, 27, 20, 22, 1, 39, 28, 34]
           Parcours modifié : [4, 37, 35, 14, 40, 25, 10, 16, 17, 32, 19, 31, 30, 3, 11, 13, 8, 2, 18, 9, 38, 21, 15, 23, 33, 36, 24, 12, 7, 6, 5, 26, 16, 27, 20, 22, 1, 39, 28, 34]
           Coût init 293 - Coût modif 465
           Variation de coût : 172
           > Coût supérieur obtenu avec ce nouveau parcours -> Solution non améliorante.
           Parcours retourné : [4, 37, 35, 14, 40, 25, 10, 16, 17, 32, 19, 31, 29, 3, 11, 30, 8, 2, 18, 9, 38, 21, 15, 23, 33, 36, 24, 12, 7, 6, 5, 26, 13, 27, 20, 22, 1, 39, 28, 34]
#########################################################################################
#########################################################################################
Δ < 0 trouvé : 
           Δ((i = 13, j = 29);(i' = 36, j' = 22) = -4
           Parcours initial : [4, 37, 35, 14, 40, 25, 10, 16, 17, 32, 19, 31, 29, 3, 11, 30, 8, 2, 18, 9, 38, 21, 15, 23, 33, 36, 24, 12, 7, 6, 5, 26, 13, 27, 20, 22, 1, 39, 28, 34]
           Parcours modifié : [4, 37, 35, 14, 40, 25, 10, 16, 17, 32, 19, 31, 36, 3, 11, 30, 8, 2, 18, 9, 38, 21, 15, 23, 33, 36, 24, 12, 22, 6, 5, 26, 13, 27, 20, 29, 1, 39, 28, 34]
           Coût init 293 - Coût modif 339
           Variation de coût : 46
           > Coût supérieur obtenu avec ce nouveau parcours -> Solution non améliorante.
           Parcours retourné : [4, 37, 35, 14, 40, 25, 10, 16, 17, 32, 19, 31, 29, 3, 11, 30, 8, 2, 18, 9, 38, 21, 15, 23, 33, 36, 24, 12, 7, 6, 5, 26, 13, 27, 20, 22, 1, 39, 28, 34]
#########################################################################################
#########################################################################################
Δ < 0 trouvé : 
           Δ((i = 36, j = 22);(i' = 13, j' = 29) = -4
           Parcours initial : [4, 37, 35, 14, 40, 25, 10, 16, 17, 32, 19, 31, 29, 3, 11, 30, 8, 2, 18, 9, 38, 21, 15, 23, 33, 36, 24, 12, 7, 6, 5, 26, 13, 27, 20, 22, 1, 39, 28, 34]
           Parcours modifié : [4, 37, 35, 14, 40, 25, 10, 16, 17, 32, 19, 31, 22, 3, 11, 30, 8, 2, 18, 9, 38, 29, 15, 23, 33, 36, 24, 12, 7, 6, 5, 26, 13, 27, 20, 13, 1, 39, 28, 34]
           Coût init 293 - Coût modif 243
           Variation de coût : -50
           > Coût inférieur obtenu avec ce nouveau parcours -> Solution améliorante.
           Parcours retourné : [4, 37, 35, 14, 40, 25, 10, 16, 17, 32, 19, 31, 22, 3, 11, 30, 8, 2, 18, 9, 38, 29, 15, 23, 33, 36, 24, 12, 7, 6, 5, 26, 13, 27, 20, 13, 1, 39, 28, 34]
#########################################################################################
Nombre de solutions potentiellement améliorantes détectées : 6
Cout AV = 293
Cout AP = 243
Delta coût : -50
Parcours final : [4, 37, 35, 14, 40, 25, 10, 16, 17, 32, 19, 31, 22, 3, 11, 30, 8, 2, 18, 9, 38, 29, 15, 23, 33, 36, 24, 12, 7, 6, 5, 26, 13, 27, 20, 13, 1, 39, 28, 34]
