Résolution approchée pour plat/plat130.dat points à visiter :
Proches voisins 
P : [1, 4, 63, 103, 8, 93, 68, 42, 51, 52, 74, 13, 36, 33, 20, 10, 35, 19, 118, 2, 24, 49, 78, 102, 18, 7, 23, 17, 39, 22, 40, 123, 96, 25, 37, 60, 100, 75, 98, 12, 50, 95, 47, 81, 16, 108, 113, 28, 86, 71, 3, 87, 6, 14, 65, 72, 46, 80, 61, 73, 38, 48, 57, 31, 5, 130, 99, 90, 117, 34, 110, 127, 43, 44, 55, 128, 85, 94, 67, 112, 122, 97, 89, 69, 15, 101, 83, 58, 124, 70, 121, 41, 45, 76, 66, 92, 27, 88, 56, 105, 9, 120, 77, 104, 11, 54, 84, 26, 82, 30, 119, 21, 64, 79, 53, 125, 91, 116, 62, 32, 107, 106, 29, 109, 115, 114, 129, 126, 111, 59, 1]
Parcours de base :
[4, 24, 87, 63, 130, 14, 23, 93, 120, 35, 54, 50, 36, 65, 101, 108, 39, 7, 118, 10, 64, 40, 17, 49, 37, 82, 88, 86, 109, 119, 5, 107, 20, 110, 19, 33, 60, 48, 22, 123, 45, 51, 44, 55, 76, 80, 81, 57, 78, 95, 52, 74, 125, 84, 128, 105, 31, 124, 1, 100, 73, 32, 103, 79, 72, 92, 112, 42, 15, 121, 3, 46, 38, 13, 98, 66, 104, 102, 53, 61, 16, 30, 58, 26, 94, 71, 6, 56, 69, 117, 116, 27, 68, 67, 47, 25, 89, 12, 90, 75, 83, 18, 8, 11, 9, 29, 106, 113, 115, 127, 59, 122, 28, 129, 114, 62, 34, 2, 21, 77, 41, 97, 96, 70, 91, 111, 43, 85, 126, 99]
Coût de base :
411
##################
#########################################################################################
Δ < 0 trouvé : 
           Δ((i = 103, j = 8);(i' = 126, j' = 111) = -4
           Parcours initial : [4, 24, 87, 63, 130, 14, 23, 93, 120, 35, 54, 50, 36, 65, 101, 108, 39, 7, 118, 10, 64, 40, 17, 49, 37, 82, 88, 86, 109, 119, 5, 107, 20, 110, 19, 33, 60, 48, 22, 123, 45, 51, 44, 55, 76, 80, 81, 57, 78, 95, 52, 74, 125, 84, 128, 105, 31, 124, 1, 100, 73, 32, 103, 79, 72, 92, 112, 42, 15, 121, 3, 46, 38, 13, 98, 66, 104, 102, 53, 61, 16, 30, 58, 26, 94, 71, 6, 56, 69, 117, 116, 27, 68, 67, 47, 25, 89, 12, 90, 75, 83, 18, 8, 11, 9, 29, 106, 113, 115, 127, 59, 122, 28, 129, 114, 62, 34, 2, 21, 77, 41, 97, 96, 70, 91, 111, 43, 85, 126, 99]
           Parcours modifié : [4, 24, 87, 63, 130, 14, 23, 111, 120, 35, 54, 50, 36, 65, 101, 108, 39, 7, 118, 10, 64, 40, 17, 49, 37, 82, 88, 86, 109, 119, 5, 107, 20, 110, 19, 33, 60, 48, 22, 123, 45, 51, 44, 55, 76, 80, 81, 57, 78, 95, 52, 74, 125, 84, 128, 105, 31, 124, 1, 100, 73, 32, 103, 79, 72, 92, 112, 42, 15, 121, 3, 46, 38, 13, 98, 66, 104, 102, 53, 61, 16, 30, 58, 26, 94, 71, 6, 56, 69, 117, 116, 27, 68, 67, 47, 25, 89, 12, 90, 75, 83, 18, 126, 11, 9, 29, 106, 113, 115, 127, 59, 122, 28, 129, 114, 62, 34, 2, 21, 77, 41, 97, 96, 70, 91, 8, 43, 85, 126, 99]
           Coût init 411 - Coût modif 3408
           Variation de coût : 2997
           > Coût supérieur obtenu avec ce nouveau parcours -> Solution non améliorante.
           Parcours retourné : [4, 24, 87, 63, 130, 14, 23, 93, 120, 35, 54, 50, 36, 65, 101, 108, 39, 7, 118, 10, 64, 40, 17, 49, 37, 82, 88, 86, 109, 119, 5, 107, 20, 110, 19, 33, 60, 48, 22, 123, 45, 51, 44, 55, 76, 80, 81, 57, 78, 95, 52, 74, 125, 84, 128, 105, 31, 124, 1, 100, 73, 32, 103, 79, 72, 92, 112, 42, 15, 121, 3, 46, 38, 13, 98, 66, 104, 102, 53, 61, 16, 30, 58, 26, 94, 71, 6, 56, 69, 117, 116, 27, 68, 67, 47, 25, 89, 12, 90, 75, 83, 18, 8, 11, 9, 29, 106, 113, 115, 127, 59, 122, 28, 129, 114, 62, 34, 2, 21, 77, 41, 97, 96, 70, 91, 111, 43, 85, 126, 99]
#########################################################################################
#########################################################################################
Δ < 0 trouvé : 
           Δ((i = 103, j = 8);(i' = 59, j' = 1) = -35
           Parcours initial : [4, 24, 87, 63, 130, 14, 23, 93, 120, 35, 54, 50, 36, 65, 101, 108, 39, 7, 118, 10, 64, 40, 17, 49, 37, 82, 88, 86, 109, 119, 5, 107, 20, 110, 19, 33, 60, 48, 22, 123, 45, 51, 44, 55, 76, 80, 81, 57, 78, 95, 52, 74, 125, 84, 128, 105, 31, 124, 1, 100, 73, 32, 103, 79, 72, 92, 112, 42, 15, 121, 3, 46, 38, 13, 98, 66, 104, 102, 53, 61, 16, 30, 58, 26, 94, 71, 6, 56, 69, 117, 116, 27, 68, 67, 47, 25, 89, 12, 90, 75, 83, 18, 8, 11, 9, 29, 106, 113, 115, 127, 59, 122, 28, 129, 114, 62, 34, 2, 21, 77, 41, 97, 96, 70, 91, 111, 43, 85, 126, 99]
           Parcours modifié : [4, 24, 87, 63, 130, 14, 23, 1, 120, 35, 54, 50, 36, 65, 101, 108, 39, 7, 118, 10, 64, 40, 17, 49, 37, 82, 88, 86, 109, 119, 5, 107, 20, 110, 19, 33, 60, 48, 22, 123, 45, 51, 44, 55, 76, 80, 81, 57, 78, 95, 52, 74, 125, 84, 128, 105, 31, 124, 8, 100, 73, 32, 103, 79, 72, 92, 112, 42, 15, 121, 3, 46, 38, 13, 98, 66, 104, 102, 53, 61, 16, 30, 58, 26, 94, 71, 6, 56, 69, 117, 116, 27, 68, 67, 47, 25, 89, 12, 90, 75, 83, 18, 59, 11, 9, 29, 106, 113, 115, 127, 59, 122, 28, 129, 114, 62, 34, 2, 21, 77, 41, 97, 96, 70, 91, 111, 43, 85, 126, 99]
           Coût init 411 - Coût modif 2730
           Variation de coût : 2319
           > Coût supérieur obtenu avec ce nouveau parcours -> Solution non améliorante.
           Parcours retourné : [4, 24, 87, 63, 130, 14, 23, 93, 120, 35, 54, 50, 36, 65, 101, 108, 39, 7, 118, 10, 64, 40, 17, 49, 37, 82, 88, 86, 109, 119, 5, 107, 20, 110, 19, 33, 60, 48, 22, 123, 45, 51, 44, 55, 76, 80, 81, 57, 78, 95, 52, 74, 125, 84, 128, 105, 31, 124, 1, 100, 73, 32, 103, 79, 72, 92, 112, 42, 15, 121, 3, 46, 38, 13, 98, 66, 104, 102, 53, 61, 16, 30, 58, 26, 94, 71, 6, 56, 69, 117, 116, 27, 68, 67, 47, 25, 89, 12, 90, 75, 83, 18, 8, 11, 9, 29, 106, 113, 115, 127, 59, 122, 28, 129, 114, 62, 34, 2, 21, 77, 41, 97, 96, 70, 91, 111, 43, 85, 126, 99]
#########################################################################################
#########################################################################################
Δ < 0 trouvé : 
           Δ((i = 93, j = 68);(i' = 126, j' = 111) = -10
           Parcours initial : [4, 24, 87, 63, 130, 14, 23, 93, 120, 35, 54, 50, 36, 65, 101, 108, 39, 7, 118, 10, 64, 40, 17, 49, 37, 82, 88, 86, 109, 119, 5, 107, 20, 110, 19, 33, 60, 48, 22, 123, 45, 51, 44, 55, 76, 80, 81, 57, 78, 95, 52, 74, 125, 84, 128, 105, 31, 124, 1, 100, 73, 32, 103, 79, 72, 92, 112, 42, 15, 121, 3, 46, 38, 13, 98, 66, 104, 102, 53, 61, 16, 30, 58, 26, 94, 71, 6, 56, 69, 117, 116, 27, 68, 67, 47, 25, 89, 12, 90, 75, 83, 18, 8, 11, 9, 29, 106, 113, 115, 127, 59, 122, 28, 129, 114, 62, 34, 2, 21, 77, 41, 97, 96, 70, 91, 111, 43, 85, 126, 99]
           Parcours modifié : [4, 24, 87, 63, 130, 14, 23, 93, 120, 35, 54, 50, 36, 65, 101, 108, 39, 7, 118, 10, 64, 40, 17, 49, 37, 82, 88, 86, 109, 119, 5, 107, 20, 110, 19, 33, 60, 48, 22, 123, 45, 51, 44, 55, 76, 80, 81, 57, 78, 95, 52, 74, 125, 84, 128, 105, 31, 124, 1, 100, 73, 32, 103, 79, 72, 92, 112, 111, 15, 121, 3, 46, 38, 13, 98, 66, 104, 102, 53, 61, 16, 30, 58, 26, 94, 71, 6, 56, 69, 117, 116, 27, 126, 67, 47, 25, 89, 12, 90, 75, 83, 18, 8, 11, 9, 29, 106, 113, 115, 127, 59, 122, 28, 129, 114, 62, 34, 2, 21, 77, 41, 97, 96, 70, 91, 68, 43, 85, 126, 99]
           Coût init 411 - Coût modif 3185
           Variation de coût : 2774
           > Coût supérieur obtenu avec ce nouveau parcours -> Solution non améliorante.
           Parcours retourné : [4, 24, 87, 63, 130, 14, 23, 93, 120, 35, 54, 50, 36, 65, 101, 108, 39, 7, 118, 10, 64, 40, 17, 49, 37, 82, 88, 86, 109, 119, 5, 107, 20, 110, 19, 33, 60, 48, 22, 123, 45, 51, 44, 55, 76, 80, 81, 57, 78, 95, 52, 74, 125, 84, 128, 105, 31, 124, 1, 100, 73, 32, 103, 79, 72, 92, 112, 42, 15, 121, 3, 46, 38, 13, 98, 66, 104, 102, 53, 61, 16, 30, 58, 26, 94, 71, 6, 56, 69, 117, 116, 27, 68, 67, 47, 25, 89, 12, 90, 75, 83, 18, 8, 11, 9, 29, 106, 113, 115, 127, 59, 122, 28, 129, 114, 62, 34, 2, 21, 77, 41, 97, 96, 70, 91, 111, 43, 85, 126, 99]
#########################################################################################
#########################################################################################
Δ < 0 trouvé : 
           Δ((i = 51, j = 52);(i' = 126, j' = 111) = -31
           Parcours initial : [4, 24, 87, 63, 130, 14, 23, 93, 120, 35, 54, 50, 36, 65, 101, 108, 39, 7, 118, 10, 64, 40, 17, 49, 37, 82, 88, 86, 109, 119, 5, 107, 20, 110, 19, 33, 60, 48, 22, 123, 45, 51, 44, 55, 76, 80, 81, 57, 78, 95, 52, 74, 125, 84, 128, 105, 31, 124, 1, 100, 73, 32, 103, 79, 72, 92, 112, 42, 15, 121, 3, 46, 38, 13, 98, 66, 104, 102, 53, 61, 16, 30, 58, 26, 94, 71, 6, 56, 69, 117, 116, 27, 68, 67, 47, 25, 89, 12, 90, 75, 83, 18, 8, 11, 9, 29, 106, 113, 115, 127, 59, 122, 28, 129, 114, 62, 34, 2, 21, 77, 41, 97, 96, 70, 91, 111, 43, 85, 126, 99]
           Parcours modifié : [4, 24, 87, 63, 130, 14, 23, 93, 120, 35, 54, 50, 36, 65, 101, 108, 39, 7, 118, 10, 64, 40, 17, 49, 37, 82, 88, 86, 109, 119, 5, 107, 20, 110, 19, 33, 60, 48, 22, 123, 45, 51, 44, 55, 76, 80, 81, 57, 78, 95, 126, 111, 125, 84, 128, 105, 31, 124, 1, 100, 73, 32, 103, 79, 72, 92, 112, 42, 15, 121, 3, 46, 38, 13, 98, 66, 104, 102, 53, 61, 16, 30, 58, 26, 94, 71, 6, 56, 69, 117, 116, 27, 68, 67, 47, 25, 89, 12, 90, 75, 83, 18, 8, 11, 9, 29, 106, 113, 115, 127, 59, 122, 28, 129, 114, 62, 34, 2, 21, 77, 41, 97, 96, 70, 91, 52, 43, 85, 126, 99]
           Coût init 411 - Coût modif 2070
           Variation de coût : 1659
           > Coût supérieur obtenu avec ce nouveau parcours -> Solution non améliorante.
           Parcours retourné : [4, 24, 87, 63, 130, 14, 23, 93, 120, 35, 54, 50, 36, 65, 101, 108, 39, 7, 118, 10, 64, 40, 17, 49, 37, 82, 88, 86, 109, 119, 5, 107, 20, 110, 19, 33, 60, 48, 22, 123, 45, 51, 44, 55, 76, 80, 81, 57, 78, 95, 52, 74, 125, 84, 128, 105, 31, 124, 1, 100, 73, 32, 103, 79, 72, 92, 112, 42, 15, 121, 3, 46, 38, 13, 98, 66, 104, 102, 53, 61, 16, 30, 58, 26, 94, 71, 6, 56, 69, 117, 116, 27, 68, 67, 47, 25, 89, 12, 90, 75, 83, 18, 8, 11, 9, 29, 106, 113, 115, 127, 59, 122, 28, 129, 114, 62, 34, 2, 21, 77, 41, 97, 96, 70, 91, 111, 43, 85, 126, 99]
#########################################################################################
#########################################################################################
Δ < 0 trouvé : 
           Δ((i = 52, j = 74);(i' = 59, j' = 1) = -1
           Parcours initial : [4, 24, 87, 63, 130, 14, 23, 93, 120, 35, 54, 50, 36, 65, 101, 108, 39, 7, 118, 10, 64, 40, 17, 49, 37, 82, 88, 86, 109, 119, 5, 107, 20, 110, 19, 33, 60, 48, 22, 123, 45, 51, 44, 55, 76, 80, 81, 57, 78, 95, 52, 74, 125, 84, 128, 105, 31, 124, 1, 100, 73, 32, 103, 79, 72, 92, 112, 42, 15, 121, 3, 46, 38, 13, 98, 66, 104, 102, 53, 61, 16, 30, 58, 26, 94, 71, 6, 56, 69, 117, 116, 27, 68, 67, 47, 25, 89, 12, 90, 75, 83, 18, 8, 11, 9, 29, 106, 113, 115, 127, 59, 122, 28, 129, 114, 62, 34, 2, 21, 77, 41, 97, 96, 70, 91, 111, 43, 85, 126, 99]
           Parcours modifié : [4, 24, 87, 63, 130, 14, 23, 93, 120, 35, 54, 50, 36, 65, 101, 108, 39, 7, 118, 10, 64, 40, 17, 49, 37, 82, 88, 86, 109, 119, 5, 107, 20, 110, 19, 33, 60, 48, 22, 123, 45, 51, 44, 55, 76, 80, 81, 57, 78, 95, 52, 59, 125, 84, 128, 105, 31, 124, 74, 100, 73, 32, 103, 79, 72, 92, 112, 42, 15, 121, 3, 46, 38, 1, 98, 66, 104, 102, 53, 61, 16, 30, 58, 26, 94, 71, 6, 56, 69, 117, 116, 27, 68, 67, 47, 25, 89, 12, 90, 75, 83, 18, 8, 11, 9, 29, 106, 113, 115, 127, 59, 122, 28, 129, 114, 62, 34, 2, 21, 77, 41, 97, 96, 70, 91, 111, 43, 85, 126, 99]
           Coût init 411 - Coût modif 1206
           Variation de coût : 795
           > Coût supérieur obtenu avec ce nouveau parcours -> Solution non améliorante.
           Parcours retourné : [4, 24, 87, 63, 130, 14, 23, 93, 120, 35, 54, 50, 36, 65, 101, 108, 39, 7, 118, 10, 64, 40, 17, 49, 37, 82, 88, 86, 109, 119, 5, 107, 20, 110, 19, 33, 60, 48, 22, 123, 45, 51, 44, 55, 76, 80, 81, 57, 78, 95, 52, 74, 125, 84, 128, 105, 31, 124, 1, 100, 73, 32, 103, 79, 72, 92, 112, 42, 15, 121, 3, 46, 38, 13, 98, 66, 104, 102, 53, 61, 16, 30, 58, 26, 94, 71, 6, 56, 69, 117, 116, 27, 68, 67, 47, 25, 89, 12, 90, 75, 83, 18, 8, 11, 9, 29, 106, 113, 115, 127, 59, 122, 28, 129, 114, 62, 34, 2, 21, 77, 41, 97, 96, 70, 91, 111, 43, 85, 126, 99]
#########################################################################################
#########################################################################################
Δ < 0 trouvé : 
           Δ((i = 74, j = 13);(i' = 59, j' = 1) = -23
           Parcours initial : [4, 24, 87, 63, 130, 14, 23, 93, 120, 35, 54, 50, 36, 65, 101, 108, 39, 7, 118, 10, 64, 40, 17, 49, 37, 82, 88, 86, 109, 119, 5, 107, 20, 110, 19, 33, 60, 48, 22, 123, 45, 51, 44, 55, 76, 80, 81, 57, 78, 95, 52, 74, 125, 84, 128, 105, 31, 124, 1, 100, 73, 32, 103, 79, 72, 92, 112, 42, 15, 121, 3, 46, 38, 13, 98, 66, 104, 102, 53, 61, 16, 30, 58, 26, 94, 71, 6, 56, 69, 117, 116, 27, 68, 67, 47, 25, 89, 12, 90, 75, 83, 18, 8, 11, 9, 29, 106, 113, 115, 127, 59, 122, 28, 129, 114, 62, 34, 2, 21, 77, 41, 97, 96, 70, 91, 111, 43, 85, 126, 99]
           Parcours modifié : [4, 24, 87, 63, 130, 14, 23, 93, 120, 35, 54, 50, 1, 65, 101, 108, 39, 7, 118, 10, 64, 40, 17, 49, 37, 82, 88, 86, 109, 119, 5, 107, 20, 110, 19, 33, 60, 48, 22, 123, 45, 51, 44, 55, 76, 80, 81, 57, 78, 95, 52, 74, 125, 84, 128, 105, 31, 124, 13, 100, 73, 32, 103, 79, 72, 92, 112, 42, 15, 121, 3, 46, 38, 59, 98, 66, 104, 102, 53, 61, 16, 30, 58, 26, 94, 71, 6, 56, 69, 117, 116, 27, 68, 67, 47, 25, 89, 12, 90, 75, 83, 18, 8, 11, 9, 29, 106, 113, 115, 127, 59, 122, 28, 129, 114, 62, 34, 2, 21, 77, 41, 97, 96, 70, 91, 111, 43, 85, 126, 99]
           Coût init 411 - Coût modif 870
           Variation de coût : 459
           > Coût supérieur obtenu avec ce nouveau parcours -> Solution non améliorante.
           Parcours retourné : [4, 24, 87, 63, 130, 14, 23, 93, 120, 35, 54, 50, 36, 65, 101, 108, 39, 7, 118, 10, 64, 40, 17, 49, 37, 82, 88, 86, 109, 119, 5, 107, 20, 110, 19, 33, 60, 48, 22, 123, 45, 51, 44, 55, 76, 80, 81, 57, 78, 95, 52, 74, 125, 84, 128, 105, 31, 124, 1, 100, 73, 32, 103, 79, 72, 92, 112, 42, 15, 121, 3, 46, 38, 13, 98, 66, 104, 102, 53, 61, 16, 30, 58, 26, 94, 71, 6, 56, 69, 117, 116, 27, 68, 67, 47, 25, 89, 12, 90, 75, 83, 18, 8, 11, 9, 29, 106, 113, 115, 127, 59, 122, 28, 129, 114, 62, 34, 2, 21, 77, 41, 97, 96, 70, 91, 111, 43, 85, 126, 99]
#########################################################################################
#########################################################################################
Δ < 0 trouvé : 
           Δ((i = 13, j = 36);(i' = 115, j' = 114) = -4
           Parcours initial : [4, 24, 87, 63, 130, 14, 23, 93, 120, 35, 54, 50, 36, 65, 101, 108, 39, 7, 118, 10, 64, 40, 17, 49, 37, 82, 88, 86, 109, 119, 5, 107, 20, 110, 19, 33, 60, 48, 22, 123, 45, 51, 44, 55, 76, 80, 81, 57, 78, 95, 52, 74, 125, 84, 128, 105, 31, 124, 1, 100, 73, 32, 103, 79, 72, 92, 112, 42, 15, 121, 3, 46, 38, 13, 98, 66, 104, 102, 53, 61, 16, 30, 58, 26, 94, 71, 6, 56, 69, 117, 116, 27, 68, 67, 47, 25, 89, 12, 90, 75, 83, 18, 8, 11, 9, 29, 106, 113, 115, 127, 59, 122, 28, 129, 114, 62, 34, 2, 21, 77, 41, 97, 96, 70, 91, 111, 43, 85, 126, 99]
           Parcours modifié : [4, 24, 87, 63, 130, 14, 23, 93, 120, 35, 54, 50, 115, 65, 101, 108, 39, 7, 118, 10, 64, 40, 17, 49, 37, 82, 88, 86, 109, 119, 5, 107, 20, 110, 19, 114, 60, 48, 22, 123, 45, 51, 44, 55, 76, 80, 81, 57, 78, 95, 52, 74, 125, 84, 128, 105, 31, 124, 1, 100, 73, 32, 103, 79, 72, 92, 112, 42, 15, 121, 3, 46, 38, 13, 98, 66, 104, 102, 53, 61, 16, 30, 58, 26, 94, 71, 6, 56, 69, 117, 116, 27, 68, 67, 47, 25, 89, 12, 90, 75, 83, 18, 8, 11, 9, 29, 106, 113, 115, 127, 59, 122, 28, 129, 36, 62, 34, 2, 21, 77, 41, 97, 96, 70, 91, 111, 43, 85, 126, 99]
           Coût init 411 - Coût modif 1433
           Variation de coût : 1022
           > Coût supérieur obtenu avec ce nouveau parcours -> Solution non améliorante.
           Parcours retourné : [4, 24, 87, 63, 130, 14, 23, 93, 120, 35, 54, 50, 36, 65, 101, 108, 39, 7, 118, 10, 64, 40, 17, 49, 37, 82, 88, 86, 109, 119, 5, 107, 20, 110, 19, 33, 60, 48, 22, 123, 45, 51, 44, 55, 76, 80, 81, 57, 78, 95, 52, 74, 125, 84, 128, 105, 31, 124, 1, 100, 73, 32, 103, 79, 72, 92, 112, 42, 15, 121, 3, 46, 38, 13, 98, 66, 104, 102, 53, 61, 16, 30, 58, 26, 94, 71, 6, 56, 69, 117, 116, 27, 68, 67, 47, 25, 89, 12, 90, 75, 83, 18, 8, 11, 9, 29, 106, 113, 115, 127, 59, 122, 28, 129, 114, 62, 34, 2, 21, 77, 41, 97, 96, 70, 91, 111, 43, 85, 126, 99]
#########################################################################################
#########################################################################################
Δ < 0 trouvé : 
           Δ((i = 13, j = 36);(i' = 126, j' = 111) = -16
           Parcours initial : [4, 24, 87, 63, 130, 14, 23, 93, 120, 35, 54, 50, 36, 65, 101, 108, 39, 7, 118, 10, 64, 40, 17, 49, 37, 82, 88, 86, 109, 119, 5, 107, 20, 110, 19, 33, 60, 48, 22, 123, 45, 51, 44, 55, 76, 80, 81, 57, 78, 95, 52, 74, 125, 84, 128, 105, 31, 124, 1, 100, 73, 32, 103, 79, 72, 92, 112, 42, 15, 121, 3, 46, 38, 13, 98, 66, 104, 102, 53, 61, 16, 30, 58, 26, 94, 71, 6, 56, 69, 117, 116, 27, 68, 67, 47, 25, 89, 12, 90, 75, 83, 18, 8, 11, 9, 29, 106, 113, 115, 127, 59, 122, 28, 129, 114, 62, 34, 2, 21, 77, 41, 97, 96, 70, 91, 111, 43, 85, 126, 99]
           Parcours modifié : [4, 24, 87, 63, 130, 14, 23, 93, 120, 35, 54, 50, 126, 65, 101, 108, 39, 7, 118, 10, 64, 40, 17, 49, 37, 82, 88, 86, 109, 119, 5, 107, 20, 110, 19, 111, 60, 48, 22, 123, 45, 51, 44, 55, 76, 80, 81, 57, 78, 95, 52, 74, 125, 84, 128, 105, 31, 124, 1, 100, 73, 32, 103, 79, 72, 92, 112, 42, 15, 121, 3, 46, 38, 13, 98, 66, 104, 102, 53, 61, 16, 30, 58, 26, 94, 71, 6, 56, 69, 117, 116, 27, 68, 67, 47, 25, 89, 12, 90, 75, 83, 18, 8, 11, 9, 29, 106, 113, 115, 127, 59, 122, 28, 129, 114, 62, 34, 2, 21, 77, 41, 97, 96, 70, 91, 36, 43, 85, 126, 99]
           Coût init 411 - Coût modif 1448
           Variation de coût : 1037
           > Coût supérieur obtenu avec ce nouveau parcours -> Solution non améliorante.
           Parcours retourné : [4, 24, 87, 63, 130, 14, 23, 93, 120, 35, 54, 50, 36, 65, 101, 108, 39, 7, 118, 10, 64, 40, 17, 49, 37, 82, 88, 86, 109, 119, 5, 107, 20, 110, 19, 33, 60, 48, 22, 123, 45, 51, 44, 55, 76, 80, 81, 57, 78, 95, 52, 74, 125, 84, 128, 105, 31, 124, 1, 100, 73, 32, 103, 79, 72, 92, 112, 42, 15, 121, 3, 46, 38, 13, 98, 66, 104, 102, 53, 61, 16, 30, 58, 26, 94, 71, 6, 56, 69, 117, 116, 27, 68, 67, 47, 25, 89, 12, 90, 75, 83, 18, 8, 11, 9, 29, 106, 113, 115, 127, 59, 122, 28, 129, 114, 62, 34, 2, 21, 77, 41, 97, 96, 70, 91, 111, 43, 85, 126, 99]
#########################################################################################
#########################################################################################
Δ < 0 trouvé : 
           Δ((i = 36, j = 33);(i' = 114, j' = 129) = -1
           Parcours initial : [4, 24, 87, 63, 130, 14, 23, 93, 120, 35, 54, 50, 36, 65, 101, 108, 39, 7, 118, 10, 64, 40, 17, 49, 37, 82, 88, 86, 109, 119, 5, 107, 20, 110, 19, 33, 60, 48, 22, 123, 45, 51, 44, 55, 76, 80, 81, 57, 78, 95, 52, 74, 125, 84, 128, 105, 31, 124, 1, 100, 73, 32, 103, 79, 72, 92, 112, 42, 15, 121, 3, 46, 38, 13, 98, 66, 104, 102, 53, 61, 16, 30, 58, 26, 94, 71, 6, 56, 69, 117, 116, 27, 68, 67, 47, 25, 89, 12, 90, 75, 83, 18, 8, 11, 9, 29, 106, 113, 115, 127, 59, 122, 28, 129, 114, 62, 34, 2, 21, 77, 41, 97, 96, 70, 91, 111, 43, 85, 126, 99]
           Parcours modifié : [4, 24, 87, 63, 130, 14, 23, 93, 120, 35, 54, 50, 36, 65, 101, 108, 39, 7, 118, 10, 64, 40, 17, 49, 37, 82, 88, 86, 109, 119, 5, 107, 129, 110, 19, 114, 60, 48, 22, 123, 45, 51, 44, 55, 76, 80, 81, 57, 78, 95, 52, 74, 125, 84, 128, 105, 31, 124, 1, 100, 73, 32, 103, 79, 72, 92, 112, 42, 15, 121, 3, 46, 38, 13, 98, 66, 104, 102, 53, 61, 16, 30, 58, 26, 94, 71, 6, 56, 69, 117, 116, 27, 68, 67, 47, 25, 89, 12, 90, 75, 83, 18, 8, 11, 9, 29, 106, 113, 115, 127, 59, 122, 28, 33, 114, 62, 34, 2, 21, 77, 41, 97, 96, 70, 91, 111, 43, 85, 126, 99]
           Coût init 411 - Coût modif 1671
           Variation de coût : 1260
           > Coût supérieur obtenu avec ce nouveau parcours -> Solution non améliorante.
           Parcours retourné : [4, 24, 87, 63, 130, 14, 23, 93, 120, 35, 54, 50, 36, 65, 101, 108, 39, 7, 118, 10, 64, 40, 17, 49, 37, 82, 88, 86, 109, 119, 5, 107, 20, 110, 19, 33, 60, 48, 22, 123, 45, 51, 44, 55, 76, 80, 81, 57, 78, 95, 52, 74, 125, 84, 128, 105, 31, 124, 1, 100, 73, 32, 103, 79, 72, 92, 112, 42, 15, 121, 3, 46, 38, 13, 98, 66, 104, 102, 53, 61, 16, 30, 58, 26, 94, 71, 6, 56, 69, 117, 116, 27, 68, 67, 47, 25, 89, 12, 90, 75, 83, 18, 8, 11, 9, 29, 106, 113, 115, 127, 59, 122, 28, 129, 114, 62, 34, 2, 21, 77, 41, 97, 96, 70, 91, 111, 43, 85, 126, 99]
#########################################################################################
#########################################################################################
Δ < 0 trouvé : 
           Δ((i = 20, j = 10);(i' = 126, j' = 111) = -25
           Parcours initial : [4, 24, 87, 63, 130, 14, 23, 93, 120, 35, 54, 50, 36, 65, 101, 108, 39, 7, 118, 10, 64, 40, 17, 49, 37, 82, 88, 86, 109, 119, 5, 107, 20, 110, 19, 33, 60, 48, 22, 123, 45, 51, 44, 55, 76, 80, 81, 57, 78, 95, 52, 74, 125, 84, 128, 105, 31, 124, 1, 100, 73, 32, 103, 79, 72, 92, 112, 42, 15, 121, 3, 46, 38, 13, 98, 66, 104, 102, 53, 61, 16, 30, 58, 26, 94, 71, 6, 56, 69, 117, 116, 27, 68, 67, 47, 25, 89, 12, 90, 75, 83, 18, 8, 11, 9, 29, 106, 113, 115, 127, 59, 122, 28, 129, 114, 62, 34, 2, 21, 77, 41, 97, 96, 70, 91, 111, 43, 85, 126, 99]
           Parcours modifié : [4, 24, 87, 63, 130, 14, 23, 93, 120, 111, 54, 50, 36, 65, 101, 108, 39, 7, 118, 126, 64, 40, 17, 49, 37, 82, 88, 86, 109, 119, 5, 107, 20, 110, 19, 33, 60, 48, 22, 123, 45, 51, 44, 55, 76, 80, 81, 57, 78, 95, 52, 74, 125, 84, 128, 105, 31, 124, 1, 100, 73, 32, 103, 79, 72, 92, 112, 42, 15, 121, 3, 46, 38, 13, 98, 66, 104, 102, 53, 61, 16, 30, 58, 26, 94, 71, 6, 56, 69, 117, 116, 27, 68, 67, 47, 25, 89, 12, 90, 75, 83, 18, 8, 11, 9, 29, 106, 113, 115, 127, 59, 122, 28, 129, 114, 62, 34, 2, 21, 77, 41, 97, 96, 70, 91, 10, 43, 85, 126, 99]
           Coût init 411 - Coût modif 1098
           Variation de coût : 687
           > Coût supérieur obtenu avec ce nouveau parcours -> Solution non améliorante.
           Parcours retourné : [4, 24, 87, 63, 130, 14, 23, 93, 120, 35, 54, 50, 36, 65, 101, 108, 39, 7, 118, 10, 64, 40, 17, 49, 37, 82, 88, 86, 109, 119, 5, 107, 20, 110, 19, 33, 60, 48, 22, 123, 45, 51, 44, 55, 76, 80, 81, 57, 78, 95, 52, 74, 125, 84, 128, 105, 31, 124, 1, 100, 73, 32, 103, 79, 72, 92, 112, 42, 15, 121, 3, 46, 38, 13, 98, 66, 104, 102, 53, 61, 16, 30, 58, 26, 94, 71, 6, 56, 69, 117, 116, 27, 68, 67, 47, 25, 89, 12, 90, 75, 83, 18, 8, 11, 9, 29, 106, 113, 115, 127, 59, 122, 28, 129, 114, 62, 34, 2, 21, 77, 41, 97, 96, 70, 91, 111, 43, 85, 126, 99]
#########################################################################################
#########################################################################################
Δ < 0 trouvé : 
           Δ((i = 10, j = 35);(i' = 126, j' = 111) = -26
           Parcours initial : [4, 24, 87, 63, 130, 14, 23, 93, 120, 35, 54, 50, 36, 65, 101, 108, 39, 7, 118, 10, 64, 40, 17, 49, 37, 82, 88, 86, 109, 119, 5, 107, 20, 110, 19, 33, 60, 48, 22, 123, 45, 51, 44, 55, 76, 80, 81, 57, 78, 95, 52, 74, 125, 84, 128, 105, 31, 124, 1, 100, 73, 32, 103, 79, 72, 92, 112, 42, 15, 121, 3, 46, 38, 13, 98, 66, 104, 102, 53, 61, 16, 30, 58, 26, 94, 71, 6, 56, 69, 117, 116, 27, 68, 67, 47, 25, 89, 12, 90, 75, 83, 18, 8, 11, 9, 29, 106, 113, 115, 127, 59, 122, 28, 129, 114, 62, 34, 2, 21, 77, 41, 97, 96, 70, 91, 111, 43, 85, 126, 99]
           Parcours modifié : [4, 24, 87, 63, 130, 14, 23, 93, 120, 126, 54, 50, 36, 65, 101, 108, 39, 7, 118, 10, 64, 40, 17, 49, 37, 82, 88, 86, 109, 119, 5, 107, 20, 110, 111, 33, 60, 48, 22, 123, 45, 51, 44, 55, 76, 80, 81, 57, 78, 95, 52, 74, 125, 84, 128, 105, 31, 124, 1, 100, 73, 32, 103, 79, 72, 92, 112, 42, 15, 121, 3, 46, 38, 13, 98, 66, 104, 102, 53, 61, 16, 30, 58, 26, 94, 71, 6, 56, 69, 117, 116, 27, 68, 67, 47, 25, 89, 12, 90, 75, 83, 18, 8, 11, 9, 29, 106, 113, 115, 127, 59, 122, 28, 129, 114, 62, 34, 2, 21, 77, 41, 97, 96, 70, 91, 35, 43, 85, 126, 99]
           Coût init 411 - Coût modif 1432
           Variation de coût : 1021
           > Coût supérieur obtenu avec ce nouveau parcours -> Solution non améliorante.
           Parcours retourné : [4, 24, 87, 63, 130, 14, 23, 93, 120, 35, 54, 50, 36, 65, 101, 108, 39, 7, 118, 10, 64, 40, 17, 49, 37, 82, 88, 86, 109, 119, 5, 107, 20, 110, 19, 33, 60, 48, 22, 123, 45, 51, 44, 55, 76, 80, 81, 57, 78, 95, 52, 74, 125, 84, 128, 105, 31, 124, 1, 100, 73, 32, 103, 79, 72, 92, 112, 42, 15, 121, 3, 46, 38, 13, 98, 66, 104, 102, 53, 61, 16, 30, 58, 26, 94, 71, 6, 56, 69, 117, 116, 27, 68, 67, 47, 25, 89, 12, 90, 75, 83, 18, 8, 11, 9, 29, 106, 113, 115, 127, 59, 122, 28, 129, 114, 62, 34, 2, 21, 77, 41, 97, 96, 70, 91, 111, 43, 85, 126, 99]
#########################################################################################
#########################################################################################
Δ < 0 trouvé : 
           Δ((i = 10, j = 35);(i' = 59, j' = 1) = -62
           Parcours initial : [4, 24, 87, 63, 130, 14, 23, 93, 120, 35, 54, 50, 36, 65, 101, 108, 39, 7, 118, 10, 64, 40, 17, 49, 37, 82, 88, 86, 109, 119, 5, 107, 20, 110, 19, 33, 60, 48, 22, 123, 45, 51, 44, 55, 76, 80, 81, 57, 78, 95, 52, 74, 125, 84, 128, 105, 31, 124, 1, 100, 73, 32, 103, 79, 72, 92, 112, 42, 15, 121, 3, 46, 38, 13, 98, 66, 104, 102, 53, 61, 16, 30, 58, 26, 94, 71, 6, 56, 69, 117, 116, 27, 68, 67, 47, 25, 89, 12, 90, 75, 83, 18, 8, 11, 9, 29, 106, 113, 115, 127, 59, 122, 28, 129, 114, 62, 34, 2, 21, 77, 41, 97, 96, 70, 91, 111, 43, 85, 126, 99]
           Parcours modifié : [4, 24, 87, 63, 130, 14, 23, 93, 120, 59, 54, 50, 36, 65, 101, 108, 39, 7, 118, 10, 64, 40, 17, 49, 37, 82, 88, 86, 109, 119, 5, 107, 20, 110, 1, 33, 60, 48, 22, 123, 45, 51, 44, 55, 76, 80, 81, 57, 78, 95, 52, 74, 125, 84, 128, 105, 31, 124, 35, 100, 73, 32, 103, 79, 72, 92, 112, 42, 15, 121, 3, 46, 38, 13, 98, 66, 104, 102, 53, 61, 16, 30, 58, 26, 94, 71, 6, 56, 69, 117, 116, 27, 68, 67, 47, 25, 89, 12, 90, 75, 83, 18, 8, 11, 9, 29, 106, 113, 115, 127, 59, 122, 28, 129, 114, 62, 34, 2, 21, 77, 41, 97, 96, 70, 91, 111, 43, 85, 126, 99]
           Coût init 411 - Coût modif 315
           Variation de coût : -96
           > Coût inférieur obtenu avec ce nouveau parcours -> Solution améliorante.
           Parcours retourné : [4, 24, 87, 63, 130, 14, 23, 93, 120, 59, 54, 50, 36, 65, 101, 108, 39, 7, 118, 10, 64, 40, 17, 49, 37, 82, 88, 86, 109, 119, 5, 107, 20, 110, 1, 33, 60, 48, 22, 123, 45, 51, 44, 55, 76, 80, 81, 57, 78, 95, 52, 74, 125, 84, 128, 105, 31, 124, 35, 100, 73, 32, 103, 79, 72, 92, 112, 42, 15, 121, 3, 46, 38, 13, 98, 66, 104, 102, 53, 61, 16, 30, 58, 26, 94, 71, 6, 56, 69, 117, 116, 27, 68, 67, 47, 25, 89, 12, 90, 75, 83, 18, 8, 11, 9, 29, 106, 113, 115, 127, 59, 122, 28, 129, 114, 62, 34, 2, 21, 77, 41, 97, 96, 70, 91, 111, 43, 85, 126, 99]
#########################################################################################
Nombre de solutions potentiellement améliorantes détectées : 12
Cout AV = 411
Cout AP = 315
Delta coût : -96
Parcours final : [4, 24, 87, 63, 130, 14, 23, 93, 120, 59, 54, 50, 36, 65, 101, 108, 39, 7, 118, 10, 64, 40, 17, 49, 37, 82, 88, 86, 109, 119, 5, 107, 20, 110, 1, 33, 60, 48, 22, 123, 45, 51, 44, 55, 76, 80, 81, 57, 78, 95, 52, 74, 125, 84, 128, 105, 31, 124, 35, 100, 73, 32, 103, 79, 72, 92, 112, 42, 15, 121, 3, 46, 38, 13, 98, 66, 104, 102, 53, 61, 16, 30, 58, 26, 94, 71, 6, 56, 69, 117, 116, 27, 68, 67, 47, 25, 89, 12, 90, 75, 83, 18, 8, 11, 9, 29, 106, 113, 115, 127, 59, 122, 28, 129, 114, 62, 34, 2, 21, 77, 41, 97, 96, 70, 91, 111, 43, 85, 126, 99]
