Résolution approchée pour plat/plat150.dat points à visiter :
Proches voisins 
P : [1, 60, 31, 145, 90, 17, 136, 94, 125, 4, 96, 14, 11, 150, 84, 74, 41, 59, 146, 3, 29, 107, 99, 108, 134, 44, 115, 56, 114, 88, 127, 112, 6, 16, 39, 126, 68, 27, 97, 2, 20, 65, 37, 15, 34, 63, 143, 92, 85, 26, 28, 52, 139, 87, 66, 142, 8, 38, 13, 19, 89, 117, 43, 46, 137, 141, 53, 111, 79, 103, 51, 42, 100, 55, 132, 104, 73, 110, 144, 116, 10, 62, 7, 78, 18, 30, 5, 124, 67, 48, 75, 91, 149, 130, 21, 45, 105, 36, 33, 57, 101, 140, 49, 61, 69, 106, 23, 24, 113, 133, 102, 128, 12, 40, 123, 83, 93, 119, 148, 95, 9, 25, 118, 32, 122, 58, 70, 131, 109, 121, 64, 71, 22, 120, 76, 35, 77, 129, 47, 98, 135, 50, 86, 54, 147, 138, 80, 72, 82, 81, 1]
Parcours de base :
[60, 20, 29, 96, 124, 16, 78, 38, 25, 62, 150, 40, 19, 11, 34, 39, 136, 30, 89, 65, 45, 120, 24, 113, 118, 28, 97, 52, 107, 5, 145, 122, 57, 63, 77, 33, 15, 13, 126, 123, 59, 100, 46, 115, 105, 137, 98, 75, 61, 86, 42, 139, 111, 147, 132, 114, 101, 70, 146, 31, 69, 7, 143, 71, 37, 142, 48, 27, 106, 131, 22, 82, 110, 41, 91, 35, 129, 18, 103, 72, 1, 81, 93, 74, 26, 54, 66, 127, 117, 17, 149, 85, 119, 125, 9, 14, 2, 135, 108, 55, 140, 128, 51, 73, 36, 23, 99, 134, 121, 144, 79, 6, 133, 88, 56, 10, 43, 32, 148, 76, 64, 58, 83, 67, 4, 68, 112, 12, 47, 21, 109, 104, 102, 44, 50, 94, 141, 80, 87, 49, 53, 8, 92, 116, 90, 3, 138, 95, 130, 84]
Coût de base :
609
##################
#########################################################################################
Δ < 0 trouvé : 
           Δ((i = 31, j = 145);(i' = 54, j' = 147) = -2
           Parcours initial : [60, 20, 29, 96, 124, 16, 78, 38, 25, 62, 150, 40, 19, 11, 34, 39, 136, 30, 89, 65, 45, 120, 24, 113, 118, 28, 97, 52, 107, 5, 145, 122, 57, 63, 77, 33, 15, 13, 126, 123, 59, 100, 46, 115, 105, 137, 98, 75, 61, 86, 42, 139, 111, 147, 132, 114, 101, 70, 146, 31, 69, 7, 143, 71, 37, 142, 48, 27, 106, 131, 22, 82, 110, 41, 91, 35, 129, 18, 103, 72, 1, 81, 93, 74, 26, 54, 66, 127, 117, 17, 149, 85, 119, 125, 9, 14, 2, 135, 108, 55, 140, 128, 51, 73, 36, 23, 99, 134, 121, 144, 79, 6, 133, 88, 56, 10, 43, 32, 148, 76, 64, 58, 83, 67, 4, 68, 112, 12, 47, 21, 109, 104, 102, 44, 50, 94, 141, 80, 87, 49, 53, 8, 92, 116, 90, 3, 138, 95, 130, 84]
           Parcours modifié : [60, 20, 29, 96, 124, 16, 78, 38, 25, 62, 150, 40, 19, 11, 34, 39, 136, 30, 89, 65, 45, 120, 24, 113, 118, 28, 97, 52, 107, 5, 54, 122, 57, 63, 77, 33, 15, 13, 126, 123, 59, 100, 46, 115, 105, 137, 98, 75, 61, 86, 42, 139, 111, 145, 132, 114, 101, 70, 146, 31, 69, 7, 143, 71, 37, 142, 48, 27, 106, 131, 22, 82, 110, 41, 91, 35, 129, 18, 103, 72, 1, 81, 93, 74, 26, 54, 66, 127, 117, 17, 149, 85, 119, 125, 9, 14, 2, 135, 108, 55, 140, 128, 51, 73, 36, 23, 99, 134, 121, 144, 79, 6, 133, 88, 56, 10, 43, 32, 148, 76, 64, 58, 83, 67, 4, 68, 112, 12, 47, 21, 109, 104, 102, 44, 50, 94, 141, 80, 87, 49, 53, 8, 92, 116, 147, 3, 138, 95, 130, 84]
           Coût init 609 - Coût modif 5219
           Variation de coût : 4610
           > Coût supérieur obtenu avec ce nouveau parcours -> Solution non améliorante.
           Parcours retourné : [60, 20, 29, 96, 124, 16, 78, 38, 25, 62, 150, 40, 19, 11, 34, 39, 136, 30, 89, 65, 45, 120, 24, 113, 118, 28, 97, 52, 107, 5, 145, 122, 57, 63, 77, 33, 15, 13, 126, 123, 59, 100, 46, 115, 105, 137, 98, 75, 61, 86, 42, 139, 111, 147, 132, 114, 101, 70, 146, 31, 69, 7, 143, 71, 37, 142, 48, 27, 106, 131, 22, 82, 110, 41, 91, 35, 129, 18, 103, 72, 1, 81, 93, 74, 26, 54, 66, 127, 117, 17, 149, 85, 119, 125, 9, 14, 2, 135, 108, 55, 140, 128, 51, 73, 36, 23, 99, 134, 121, 144, 79, 6, 133, 88, 56, 10, 43, 32, 148, 76, 64, 58, 83, 67, 4, 68, 112, 12, 47, 21, 109, 104, 102, 44, 50, 94, 141, 80, 87, 49, 53, 8, 92, 116, 90, 3, 138, 95, 130, 84]
#########################################################################################
#########################################################################################
Δ < 0 trouvé : 
           Δ((i = 145, j = 90);(i' = 72, j' = 82) = -16
           Parcours initial : [60, 20, 29, 96, 124, 16, 78, 38, 25, 62, 150, 40, 19, 11, 34, 39, 136, 30, 89, 65, 45, 120, 24, 113, 118, 28, 97, 52, 107, 5, 145, 122, 57, 63, 77, 33, 15, 13, 126, 123, 59, 100, 46, 115, 105, 137, 98, 75, 61, 86, 42, 139, 111, 147, 132, 114, 101, 70, 146, 31, 69, 7, 143, 71, 37, 142, 48, 27, 106, 131, 22, 82, 110, 41, 91, 35, 129, 18, 103, 72, 1, 81, 93, 74, 26, 54, 66, 127, 117, 17, 149, 85, 119, 125, 9, 14, 2, 135, 108, 55, 140, 128, 51, 73, 36, 23, 99, 134, 121, 144, 79, 6, 133, 88, 56, 10, 43, 32, 148, 76, 64, 58, 83, 67, 4, 68, 112, 12, 47, 21, 109, 104, 102, 44, 50, 94, 141, 80, 87, 49, 53, 8, 92, 116, 90, 3, 138, 95, 130, 84]
           Parcours modifié : [60, 20, 29, 96, 124, 16, 78, 38, 25, 62, 150, 40, 19, 11, 34, 39, 136, 30, 89, 65, 45, 120, 24, 113, 118, 28, 97, 52, 107, 5, 145, 122, 57, 63, 77, 33, 15, 13, 126, 123, 59, 100, 46, 115, 105, 137, 98, 75, 61, 86, 42, 139, 111, 147, 132, 114, 101, 70, 146, 31, 69, 7, 143, 71, 37, 142, 48, 27, 106, 131, 22, 90, 110, 41, 91, 35, 129, 18, 103, 72, 1, 81, 93, 74, 26, 54, 66, 127, 117, 82, 149, 85, 119, 125, 9, 14, 2, 135, 108, 55, 140, 128, 51, 73, 36, 23, 99, 134, 121, 144, 79, 6, 133, 88, 56, 10, 43, 32, 148, 76, 64, 58, 83, 67, 4, 68, 112, 12, 47, 21, 109, 104, 102, 44, 50, 94, 141, 80, 87, 49, 53, 8, 92, 116, 72, 3, 138, 95, 130, 84]
           Coût init 609 - Coût modif 5116
           Variation de coût : 4507
           > Coût supérieur obtenu avec ce nouveau parcours -> Solution non améliorante.
           Parcours retourné : [60, 20, 29, 96, 124, 16, 78, 38, 25, 62, 150, 40, 19, 11, 34, 39, 136, 30, 89, 65, 45, 120, 24, 113, 118, 28, 97, 52, 107, 5, 145, 122, 57, 63, 77, 33, 15, 13, 126, 123, 59, 100, 46, 115, 105, 137, 98, 75, 61, 86, 42, 139, 111, 147, 132, 114, 101, 70, 146, 31, 69, 7, 143, 71, 37, 142, 48, 27, 106, 131, 22, 82, 110, 41, 91, 35, 129, 18, 103, 72, 1, 81, 93, 74, 26, 54, 66, 127, 117, 17, 149, 85, 119, 125, 9, 14, 2, 135, 108, 55, 140, 128, 51, 73, 36, 23, 99, 134, 121, 144, 79, 6, 133, 88, 56, 10, 43, 32, 148, 76, 64, 58, 83, 67, 4, 68, 112, 12, 47, 21, 109, 104, 102, 44, 50, 94, 141, 80, 87, 49, 53, 8, 92, 116, 90, 3, 138, 95, 130, 84]
#########################################################################################
#########################################################################################
Δ < 0 trouvé : 
           Δ((i = 90, j = 17);(i' = 82, j' = 81) = -19
           Parcours initial : [60, 20, 29, 96, 124, 16, 78, 38, 25, 62, 150, 40, 19, 11, 34, 39, 136, 30, 89, 65, 45, 120, 24, 113, 118, 28, 97, 52, 107, 5, 145, 122, 57, 63, 77, 33, 15, 13, 126, 123, 59, 100, 46, 115, 105, 137, 98, 75, 61, 86, 42, 139, 111, 147, 132, 114, 101, 70, 146, 31, 69, 7, 143, 71, 37, 142, 48, 27, 106, 131, 22, 82, 110, 41, 91, 35, 129, 18, 103, 72, 1, 81, 93, 74, 26, 54, 66, 127, 117, 17, 149, 85, 119, 125, 9, 14, 2, 135, 108, 55, 140, 128, 51, 73, 36, 23, 99, 134, 121, 144, 79, 6, 133, 88, 56, 10, 43, 32, 148, 76, 64, 58, 83, 67, 4, 68, 112, 12, 47, 21, 109, 104, 102, 44, 50, 94, 141, 80, 87, 49, 53, 8, 92, 116, 90, 3, 138, 95, 130, 84]
           Parcours modifié : [60, 20, 29, 96, 124, 16, 78, 38, 25, 62, 150, 40, 19, 11, 34, 39, 81, 30, 89, 65, 45, 120, 24, 113, 118, 28, 97, 52, 107, 5, 145, 122, 57, 63, 77, 33, 15, 13, 126, 123, 59, 100, 46, 115, 105, 137, 98, 75, 61, 86, 42, 139, 111, 147, 132, 114, 101, 70, 146, 31, 69, 7, 143, 71, 37, 142, 48, 27, 106, 131, 22, 82, 110, 41, 91, 35, 129, 18, 103, 72, 1, 17, 93, 74, 26, 54, 66, 127, 117, 82, 149, 85, 119, 125, 9, 14, 2, 135, 108, 55, 140, 128, 51, 73, 36, 23, 99, 134, 121, 144, 79, 6, 133, 88, 56, 10, 43, 32, 148, 76, 64, 58, 83, 67, 4, 68, 112, 12, 47, 21, 109, 104, 102, 44, 50, 94, 141, 80, 87, 49, 53, 8, 92, 116, 90, 3, 138, 95, 130, 84]
           Coût init 609 - Coût modif 3961
           Variation de coût : 3352
           > Coût supérieur obtenu avec ce nouveau parcours -> Solution non améliorante.
           Parcours retourné : [60, 20, 29, 96, 124, 16, 78, 38, 25, 62, 150, 40, 19, 11, 34, 39, 136, 30, 89, 65, 45, 120, 24, 113, 118, 28, 97, 52, 107, 5, 145, 122, 57, 63, 77, 33, 15, 13, 126, 123, 59, 100, 46, 115, 105, 137, 98, 75, 61, 86, 42, 139, 111, 147, 132, 114, 101, 70, 146, 31, 69, 7, 143, 71, 37, 142, 48, 27, 106, 131, 22, 82, 110, 41, 91, 35, 129, 18, 103, 72, 1, 81, 93, 74, 26, 54, 66, 127, 117, 17, 149, 85, 119, 125, 9, 14, 2, 135, 108, 55, 140, 128, 51, 73, 36, 23, 99, 134, 121, 144, 79, 6, 133, 88, 56, 10, 43, 32, 148, 76, 64, 58, 83, 67, 4, 68, 112, 12, 47, 21, 109, 104, 102, 44, 50, 94, 141, 80, 87, 49, 53, 8, 92, 116, 90, 3, 138, 95, 130, 84]
#########################################################################################
#########################################################################################
Δ < 0 trouvé : 
           Δ((i = 90, j = 17);(i' = 81, j' = 1) = -50
           Parcours initial : [60, 20, 29, 96, 124, 16, 78, 38, 25, 62, 150, 40, 19, 11, 34, 39, 136, 30, 89, 65, 45, 120, 24, 113, 118, 28, 97, 52, 107, 5, 145, 122, 57, 63, 77, 33, 15, 13, 126, 123, 59, 100, 46, 115, 105, 137, 98, 75, 61, 86, 42, 139, 111, 147, 132, 114, 101, 70, 146, 31, 69, 7, 143, 71, 37, 142, 48, 27, 106, 131, 22, 82, 110, 41, 91, 35, 129, 18, 103, 72, 1, 81, 93, 74, 26, 54, 66, 127, 117, 17, 149, 85, 119, 125, 9, 14, 2, 135, 108, 55, 140, 128, 51, 73, 36, 23, 99, 134, 121, 144, 79, 6, 133, 88, 56, 10, 43, 32, 148, 76, 64, 58, 83, 67, 4, 68, 112, 12, 47, 21, 109, 104, 102, 44, 50, 94, 141, 80, 87, 49, 53, 8, 92, 116, 90, 3, 138, 95, 130, 84]
           Parcours modifié : [60, 20, 29, 96, 124, 16, 78, 38, 25, 62, 150, 40, 19, 11, 34, 39, 1, 30, 89, 65, 45, 120, 24, 113, 118, 28, 97, 52, 107, 5, 145, 122, 57, 63, 77, 33, 15, 13, 126, 123, 59, 100, 46, 115, 105, 137, 98, 75, 61, 86, 42, 139, 111, 147, 132, 114, 101, 70, 146, 31, 69, 7, 143, 71, 37, 142, 48, 27, 106, 131, 22, 82, 110, 41, 91, 35, 129, 18, 103, 72, 17, 81, 93, 74, 26, 54, 66, 127, 117, 81, 149, 85, 119, 125, 9, 14, 2, 135, 108, 55, 140, 128, 51, 73, 36, 23, 99, 134, 121, 144, 79, 6, 133, 88, 56, 10, 43, 32, 148, 76, 64, 58, 83, 67, 4, 68, 112, 12, 47, 21, 109, 104, 102, 44, 50, 94, 141, 80, 87, 49, 53, 8, 92, 116, 90, 3, 138, 95, 130, 84]
           Coût init 609 - Coût modif 1155
           Variation de coût : 546
           > Coût supérieur obtenu avec ce nouveau parcours -> Solution non améliorante.
           Parcours retourné : [60, 20, 29, 96, 124, 16, 78, 38, 25, 62, 150, 40, 19, 11, 34, 39, 136, 30, 89, 65, 45, 120, 24, 113, 118, 28, 97, 52, 107, 5, 145, 122, 57, 63, 77, 33, 15, 13, 126, 123, 59, 100, 46, 115, 105, 137, 98, 75, 61, 86, 42, 139, 111, 147, 132, 114, 101, 70, 146, 31, 69, 7, 143, 71, 37, 142, 48, 27, 106, 131, 22, 82, 110, 41, 91, 35, 129, 18, 103, 72, 1, 81, 93, 74, 26, 54, 66, 127, 117, 17, 149, 85, 119, 125, 9, 14, 2, 135, 108, 55, 140, 128, 51, 73, 36, 23, 99, 134, 121, 144, 79, 6, 133, 88, 56, 10, 43, 32, 148, 76, 64, 58, 83, 67, 4, 68, 112, 12, 47, 21, 109, 104, 102, 44, 50, 94, 141, 80, 87, 49, 53, 8, 92, 116, 90, 3, 138, 95, 130, 84]
#########################################################################################
#########################################################################################
Δ < 0 trouvé : 
           Δ((i = 17, j = 136);(i' = 81, j' = 1) = -48
           Parcours initial : [60, 20, 29, 96, 124, 16, 78, 38, 25, 62, 150, 40, 19, 11, 34, 39, 136, 30, 89, 65, 45, 120, 24, 113, 118, 28, 97, 52, 107, 5, 145, 122, 57, 63, 77, 33, 15, 13, 126, 123, 59, 100, 46, 115, 105, 137, 98, 75, 61, 86, 42, 139, 111, 147, 132, 114, 101, 70, 146, 31, 69, 7, 143, 71, 37, 142, 48, 27, 106, 131, 22, 82, 110, 41, 91, 35, 129, 18, 103, 72, 1, 81, 93, 74, 26, 54, 66, 127, 117, 17, 149, 85, 119, 125, 9, 14, 2, 135, 108, 55, 140, 128, 51, 73, 36, 23, 99, 134, 121, 144, 79, 6, 133, 88, 56, 10, 43, 32, 148, 76, 64, 58, 83, 67, 4, 68, 112, 12, 47, 21, 109, 104, 102, 44, 50, 94, 141, 80, 87, 49, 53, 8, 92, 116, 90, 3, 138, 95, 130, 84]
           Parcours modifié : [60, 20, 29, 96, 124, 16, 78, 38, 25, 62, 150, 40, 19, 11, 34, 39, 81, 30, 89, 65, 45, 120, 24, 113, 118, 28, 97, 52, 107, 5, 145, 122, 57, 63, 77, 33, 15, 13, 126, 123, 59, 100, 46, 115, 105, 137, 98, 75, 61, 86, 42, 139, 111, 147, 132, 114, 101, 70, 146, 31, 69, 7, 143, 71, 37, 142, 48, 27, 106, 131, 22, 82, 110, 41, 91, 35, 129, 18, 103, 72, 136, 81, 93, 74, 26, 54, 66, 127, 117, 17, 149, 85, 119, 125, 9, 14, 2, 135, 108, 55, 140, 128, 51, 73, 36, 23, 99, 134, 121, 144, 79, 6, 133, 88, 56, 10, 43, 32, 148, 76, 64, 58, 83, 67, 4, 68, 112, 12, 47, 21, 109, 104, 102, 44, 50, 1, 141, 80, 87, 49, 53, 8, 92, 116, 90, 3, 138, 95, 130, 84]
           Coût init 609 - Coût modif 2215
           Variation de coût : 1606
           > Coût supérieur obtenu avec ce nouveau parcours -> Solution non améliorante.
           Parcours retourné : [60, 20, 29, 96, 124, 16, 78, 38, 25, 62, 150, 40, 19, 11, 34, 39, 136, 30, 89, 65, 45, 120, 24, 113, 118, 28, 97, 52, 107, 5, 145, 122, 57, 63, 77, 33, 15, 13, 126, 123, 59, 100, 46, 115, 105, 137, 98, 75, 61, 86, 42, 139, 111, 147, 132, 114, 101, 70, 146, 31, 69, 7, 143, 71, 37, 142, 48, 27, 106, 131, 22, 82, 110, 41, 91, 35, 129, 18, 103, 72, 1, 81, 93, 74, 26, 54, 66, 127, 117, 17, 149, 85, 119, 125, 9, 14, 2, 135, 108, 55, 140, 128, 51, 73, 36, 23, 99, 134, 121, 144, 79, 6, 133, 88, 56, 10, 43, 32, 148, 76, 64, 58, 83, 67, 4, 68, 112, 12, 47, 21, 109, 104, 102, 44, 50, 94, 141, 80, 87, 49, 53, 8, 92, 116, 90, 3, 138, 95, 130, 84]
#########################################################################################
#########################################################################################
Δ < 0 trouvé : 
           Δ((i = 94, j = 125);(i' = 54, j' = 147) = -14
           Parcours initial : [60, 20, 29, 96, 124, 16, 78, 38, 25, 62, 150, 40, 19, 11, 34, 39, 136, 30, 89, 65, 45, 120, 24, 113, 118, 28, 97, 52, 107, 5, 145, 122, 57, 63, 77, 33, 15, 13, 126, 123, 59, 100, 46, 115, 105, 137, 98, 75, 61, 86, 42, 139, 111, 147, 132, 114, 101, 70, 146, 31, 69, 7, 143, 71, 37, 142, 48, 27, 106, 131, 22, 82, 110, 41, 91, 35, 129, 18, 103, 72, 1, 81, 93, 74, 26, 54, 66, 127, 117, 17, 149, 85, 119, 125, 9, 14, 2, 135, 108, 55, 140, 128, 51, 73, 36, 23, 99, 134, 121, 144, 79, 6, 133, 88, 56, 10, 43, 32, 148, 76, 64, 58, 83, 67, 4, 68, 112, 12, 47, 21, 109, 104, 102, 44, 50, 94, 141, 80, 87, 49, 53, 8, 92, 116, 90, 3, 138, 95, 130, 84]
           Parcours modifié : [60, 20, 29, 96, 124, 16, 78, 38, 25, 62, 150, 40, 19, 11, 34, 39, 136, 30, 89, 65, 45, 120, 24, 113, 118, 28, 97, 52, 107, 5, 145, 122, 57, 63, 77, 33, 15, 13, 126, 123, 59, 100, 46, 115, 105, 137, 98, 75, 61, 86, 42, 139, 111, 125, 132, 114, 101, 70, 146, 31, 69, 7, 143, 71, 37, 142, 48, 27, 106, 131, 22, 82, 110, 41, 91, 35, 129, 18, 103, 72, 1, 81, 93, 74, 26, 54, 66, 127, 117, 17, 149, 85, 119, 54, 9, 14, 2, 135, 108, 55, 140, 128, 51, 73, 36, 23, 99, 134, 121, 144, 79, 6, 133, 88, 56, 10, 43, 32, 148, 76, 64, 58, 83, 67, 147, 68, 112, 12, 47, 21, 109, 104, 102, 44, 50, 94, 141, 80, 87, 49, 53, 8, 92, 116, 90, 3, 138, 95, 130, 84]
           Coût init 609 - Coût modif 3726
           Variation de coût : 3117
           > Coût supérieur obtenu avec ce nouveau parcours -> Solution non améliorante.
           Parcours retourné : [60, 20, 29, 96, 124, 16, 78, 38, 25, 62, 150, 40, 19, 11, 34, 39, 136, 30, 89, 65, 45, 120, 24, 113, 118, 28, 97, 52, 107, 5, 145, 122, 57, 63, 77, 33, 15, 13, 126, 123, 59, 100, 46, 115, 105, 137, 98, 75, 61, 86, 42, 139, 111, 147, 132, 114, 101, 70, 146, 31, 69, 7, 143, 71, 37, 142, 48, 27, 106, 131, 22, 82, 110, 41, 91, 35, 129, 18, 103, 72, 1, 81, 93, 74, 26, 54, 66, 127, 117, 17, 149, 85, 119, 125, 9, 14, 2, 135, 108, 55, 140, 128, 51, 73, 36, 23, 99, 134, 121, 144, 79, 6, 133, 88, 56, 10, 43, 32, 148, 76, 64, 58, 83, 67, 4, 68, 112, 12, 47, 21, 109, 104, 102, 44, 50, 94, 141, 80, 87, 49, 53, 8, 92, 116, 90, 3, 138, 95, 130, 84]
#########################################################################################
#########################################################################################
Δ < 0 trouvé : 
           Δ((i = 94, j = 125);(i' = 81, j' = 1) = -2
           Parcours initial : [60, 20, 29, 96, 124, 16, 78, 38, 25, 62, 150, 40, 19, 11, 34, 39, 136, 30, 89, 65, 45, 120, 24, 113, 118, 28, 97, 52, 107, 5, 145, 122, 57, 63, 77, 33, 15, 13, 126, 123, 59, 100, 46, 115, 105, 137, 98, 75, 61, 86, 42, 139, 111, 147, 132, 114, 101, 70, 146, 31, 69, 7, 143, 71, 37, 142, 48, 27, 106, 131, 22, 82, 110, 41, 91, 35, 129, 18, 103, 72, 1, 81, 93, 74, 26, 54, 66, 127, 117, 17, 149, 85, 119, 125, 9, 14, 2, 135, 108, 55, 140, 128, 51, 73, 36, 23, 99, 134, 121, 144, 79, 6, 133, 88, 56, 10, 43, 32, 148, 76, 64, 58, 83, 67, 4, 68, 112, 12, 47, 21, 109, 104, 102, 44, 50, 94, 141, 80, 87, 49, 53, 8, 92, 116, 90, 3, 138, 95, 130, 84]
           Parcours modifié : [60, 20, 29, 96, 124, 16, 78, 38, 25, 62, 150, 40, 19, 11, 34, 39, 136, 30, 89, 65, 45, 120, 24, 113, 118, 28, 97, 52, 107, 5, 145, 122, 57, 63, 77, 33, 15, 13, 126, 123, 59, 100, 46, 115, 105, 137, 98, 75, 61, 86, 42, 139, 111, 147, 132, 114, 101, 70, 146, 31, 69, 7, 143, 71, 37, 142, 48, 27, 106, 131, 22, 82, 110, 41, 91, 35, 129, 18, 103, 72, 125, 81, 93, 74, 26, 54, 66, 127, 117, 17, 149, 85, 119, 81, 9, 14, 2, 135, 108, 55, 140, 128, 51, 73, 36, 23, 99, 134, 121, 144, 79, 6, 133, 88, 56, 10, 43, 32, 148, 76, 64, 58, 83, 67, 1, 68, 112, 12, 47, 21, 109, 104, 102, 44, 50, 94, 141, 80, 87, 49, 53, 8, 92, 116, 90, 3, 138, 95, 130, 84]
           Coût init 609 - Coût modif 1440
           Variation de coût : 831
           > Coût supérieur obtenu avec ce nouveau parcours -> Solution non améliorante.
           Parcours retourné : [60, 20, 29, 96, 124, 16, 78, 38, 25, 62, 150, 40, 19, 11, 34, 39, 136, 30, 89, 65, 45, 120, 24, 113, 118, 28, 97, 52, 107, 5, 145, 122, 57, 63, 77, 33, 15, 13, 126, 123, 59, 100, 46, 115, 105, 137, 98, 75, 61, 86, 42, 139, 111, 147, 132, 114, 101, 70, 146, 31, 69, 7, 143, 71, 37, 142, 48, 27, 106, 131, 22, 82, 110, 41, 91, 35, 129, 18, 103, 72, 1, 81, 93, 74, 26, 54, 66, 127, 117, 17, 149, 85, 119, 125, 9, 14, 2, 135, 108, 55, 140, 128, 51, 73, 36, 23, 99, 134, 121, 144, 79, 6, 133, 88, 56, 10, 43, 32, 148, 76, 64, 58, 83, 67, 4, 68, 112, 12, 47, 21, 109, 104, 102, 44, 50, 94, 141, 80, 87, 49, 53, 8, 92, 116, 90, 3, 138, 95, 130, 84]
#########################################################################################
#########################################################################################
Δ < 0 trouvé : 
           Δ((i = 125, j = 4);(i' = 81, j' = 1) = -23
           Parcours initial : [60, 20, 29, 96, 124, 16, 78, 38, 25, 62, 150, 40, 19, 11, 34, 39, 136, 30, 89, 65, 45, 120, 24, 113, 118, 28, 97, 52, 107, 5, 145, 122, 57, 63, 77, 33, 15, 13, 126, 123, 59, 100, 46, 115, 105, 137, 98, 75, 61, 86, 42, 139, 111, 147, 132, 114, 101, 70, 146, 31, 69, 7, 143, 71, 37, 142, 48, 27, 106, 131, 22, 82, 110, 41, 91, 35, 129, 18, 103, 72, 1, 81, 93, 74, 26, 54, 66, 127, 117, 17, 149, 85, 119, 125, 9, 14, 2, 135, 108, 55, 140, 128, 51, 73, 36, 23, 99, 134, 121, 144, 79, 6, 133, 88, 56, 10, 43, 32, 148, 76, 64, 58, 83, 67, 4, 68, 112, 12, 47, 21, 109, 104, 102, 44, 50, 94, 141, 80, 87, 49, 53, 8, 92, 116, 90, 3, 138, 95, 130, 84]
           Parcours modifié : [60, 20, 29, 1, 124, 16, 78, 38, 25, 62, 150, 40, 19, 11, 34, 39, 136, 30, 89, 65, 45, 120, 24, 113, 118, 28, 97, 52, 107, 5, 145, 122, 57, 63, 77, 33, 15, 13, 126, 123, 59, 100, 46, 115, 105, 137, 98, 75, 61, 86, 42, 139, 111, 147, 132, 114, 101, 70, 146, 31, 69, 7, 143, 71, 37, 142, 48, 27, 106, 131, 22, 82, 110, 41, 91, 35, 129, 18, 103, 72, 4, 81, 93, 74, 26, 54, 66, 127, 117, 17, 149, 85, 119, 125, 9, 14, 2, 135, 108, 55, 140, 128, 51, 73, 36, 23, 99, 134, 121, 144, 79, 6, 133, 88, 56, 10, 43, 32, 148, 76, 64, 58, 83, 67, 81, 68, 112, 12, 47, 21, 109, 104, 102, 44, 50, 94, 141, 80, 87, 49, 53, 8, 92, 116, 90, 3, 138, 95, 130, 84]
           Coût init 609 - Coût modif 988
           Variation de coût : 379
           > Coût supérieur obtenu avec ce nouveau parcours -> Solution non améliorante.
           Parcours retourné : [60, 20, 29, 96, 124, 16, 78, 38, 25, 62, 150, 40, 19, 11, 34, 39, 136, 30, 89, 65, 45, 120, 24, 113, 118, 28, 97, 52, 107, 5, 145, 122, 57, 63, 77, 33, 15, 13, 126, 123, 59, 100, 46, 115, 105, 137, 98, 75, 61, 86, 42, 139, 111, 147, 132, 114, 101, 70, 146, 31, 69, 7, 143, 71, 37, 142, 48, 27, 106, 131, 22, 82, 110, 41, 91, 35, 129, 18, 103, 72, 1, 81, 93, 74, 26, 54, 66, 127, 117, 17, 149, 85, 119, 125, 9, 14, 2, 135, 108, 55, 140, 128, 51, 73, 36, 23, 99, 134, 121, 144, 79, 6, 133, 88, 56, 10, 43, 32, 148, 76, 64, 58, 83, 67, 4, 68, 112, 12, 47, 21, 109, 104, 102, 44, 50, 94, 141, 80, 87, 49, 53, 8, 92, 116, 90, 3, 138, 95, 130, 84]
#########################################################################################
#########################################################################################
Δ < 0 trouvé : 
           Δ((i = 4, j = 96);(i' = 81, j' = 1) = -67
           Parcours initial : [60, 20, 29, 96, 124, 16, 78, 38, 25, 62, 150, 40, 19, 11, 34, 39, 136, 30, 89, 65, 45, 120, 24, 113, 118, 28, 97, 52, 107, 5, 145, 122, 57, 63, 77, 33, 15, 13, 126, 123, 59, 100, 46, 115, 105, 137, 98, 75, 61, 86, 42, 139, 111, 147, 132, 114, 101, 70, 146, 31, 69, 7, 143, 71, 37, 142, 48, 27, 106, 131, 22, 82, 110, 41, 91, 35, 129, 18, 103, 72, 1, 81, 93, 74, 26, 54, 66, 127, 117, 17, 149, 85, 119, 125, 9, 14, 2, 135, 108, 55, 140, 128, 51, 73, 36, 23, 99, 134, 121, 144, 79, 6, 133, 88, 56, 10, 43, 32, 148, 76, 64, 58, 83, 67, 4, 68, 112, 12, 47, 21, 109, 104, 102, 44, 50, 94, 141, 80, 87, 49, 53, 8, 92, 116, 90, 3, 138, 95, 130, 84]
           Parcours modifié : [60, 20, 29, 81, 124, 16, 78, 38, 25, 62, 150, 40, 19, 11, 34, 39, 136, 30, 89, 65, 45, 120, 24, 113, 118, 28, 97, 52, 107, 5, 145, 122, 57, 63, 77, 33, 15, 13, 126, 123, 59, 100, 46, 115, 105, 137, 98, 75, 61, 86, 42, 139, 111, 147, 132, 114, 101, 70, 146, 31, 69, 7, 143, 71, 37, 142, 48, 27, 106, 131, 22, 82, 110, 41, 91, 35, 129, 18, 103, 72, 96, 81, 93, 74, 26, 54, 66, 127, 117, 17, 149, 85, 119, 125, 9, 1, 2, 135, 108, 55, 140, 128, 51, 73, 36, 23, 99, 134, 121, 144, 79, 6, 133, 88, 56, 10, 43, 32, 148, 76, 64, 58, 83, 67, 4, 68, 112, 12, 47, 21, 109, 104, 102, 44, 50, 94, 141, 80, 87, 49, 53, 8, 92, 116, 90, 3, 138, 95, 130, 84]
           Coût init 609 - Coût modif 1296
           Variation de coût : 687
           > Coût supérieur obtenu avec ce nouveau parcours -> Solution non améliorante.
           Parcours retourné : [60, 20, 29, 96, 124, 16, 78, 38, 25, 62, 150, 40, 19, 11, 34, 39, 136, 30, 89, 65, 45, 120, 24, 113, 118, 28, 97, 52, 107, 5, 145, 122, 57, 63, 77, 33, 15, 13, 126, 123, 59, 100, 46, 115, 105, 137, 98, 75, 61, 86, 42, 139, 111, 147, 132, 114, 101, 70, 146, 31, 69, 7, 143, 71, 37, 142, 48, 27, 106, 131, 22, 82, 110, 41, 91, 35, 129, 18, 103, 72, 1, 81, 93, 74, 26, 54, 66, 127, 117, 17, 149, 85, 119, 125, 9, 14, 2, 135, 108, 55, 140, 128, 51, 73, 36, 23, 99, 134, 121, 144, 79, 6, 133, 88, 56, 10, 43, 32, 148, 76, 64, 58, 83, 67, 4, 68, 112, 12, 47, 21, 109, 104, 102, 44, 50, 94, 141, 80, 87, 49, 53, 8, 92, 116, 90, 3, 138, 95, 130, 84]
#########################################################################################
#########################################################################################
Δ < 0 trouvé : 
           Δ((i = 96, j = 14);(i' = 72, j' = 82) = -19
           Parcours initial : [60, 20, 29, 96, 124, 16, 78, 38, 25, 62, 150, 40, 19, 11, 34, 39, 136, 30, 89, 65, 45, 120, 24, 113, 118, 28, 97, 52, 107, 5, 145, 122, 57, 63, 77, 33, 15, 13, 126, 123, 59, 100, 46, 115, 105, 137, 98, 75, 61, 86, 42, 139, 111, 147, 132, 114, 101, 70, 146, 31, 69, 7, 143, 71, 37, 142, 48, 27, 106, 131, 22, 82, 110, 41, 91, 35, 129, 18, 103, 72, 1, 81, 93, 74, 26, 54, 66, 127, 117, 17, 149, 85, 119, 125, 9, 14, 2, 135, 108, 55, 140, 128, 51, 73, 36, 23, 99, 134, 121, 144, 79, 6, 133, 88, 56, 10, 43, 32, 148, 76, 64, 58, 83, 67, 4, 68, 112, 12, 47, 21, 109, 104, 102, 44, 50, 94, 141, 80, 87, 49, 53, 8, 92, 116, 90, 3, 138, 95, 130, 84]
           Parcours modifié : [60, 20, 29, 96, 124, 16, 78, 38, 25, 62, 150, 40, 19, 82, 34, 39, 136, 30, 89, 65, 45, 120, 24, 113, 118, 28, 97, 52, 107, 5, 145, 122, 57, 63, 77, 33, 15, 13, 126, 123, 59, 100, 46, 115, 105, 137, 98, 75, 61, 86, 42, 139, 111, 147, 132, 114, 101, 70, 146, 31, 69, 7, 143, 71, 37, 142, 48, 27, 106, 131, 22, 14, 110, 41, 91, 35, 129, 18, 103, 72, 1, 81, 93, 74, 26, 54, 66, 127, 117, 17, 149, 85, 119, 125, 9, 72, 2, 135, 108, 55, 140, 128, 51, 73, 36, 23, 99, 134, 121, 144, 79, 6, 133, 88, 56, 10, 43, 32, 148, 76, 64, 58, 83, 67, 4, 68, 112, 12, 47, 21, 109, 104, 102, 44, 50, 94, 141, 80, 87, 49, 53, 8, 92, 116, 90, 3, 138, 95, 130, 84]
           Coût init 609 - Coût modif 2670
           Variation de coût : 2061
           > Coût supérieur obtenu avec ce nouveau parcours -> Solution non améliorante.
           Parcours retourné : [60, 20, 29, 96, 124, 16, 78, 38, 25, 62, 150, 40, 19, 11, 34, 39, 136, 30, 89, 65, 45, 120, 24, 113, 118, 28, 97, 52, 107, 5, 145, 122, 57, 63, 77, 33, 15, 13, 126, 123, 59, 100, 46, 115, 105, 137, 98, 75, 61, 86, 42, 139, 111, 147, 132, 114, 101, 70, 146, 31, 69, 7, 143, 71, 37, 142, 48, 27, 106, 131, 22, 82, 110, 41, 91, 35, 129, 18, 103, 72, 1, 81, 93, 74, 26, 54, 66, 127, 117, 17, 149, 85, 119, 125, 9, 14, 2, 135, 108, 55, 140, 128, 51, 73, 36, 23, 99, 134, 121, 144, 79, 6, 133, 88, 56, 10, 43, 32, 148, 76, 64, 58, 83, 67, 4, 68, 112, 12, 47, 21, 109, 104, 102, 44, 50, 94, 141, 80, 87, 49, 53, 8, 92, 116, 90, 3, 138, 95, 130, 84]
#########################################################################################
#########################################################################################
Δ < 0 trouvé : 
           Δ((i = 11, j = 150);(i' = 81, j' = 1) = -17
           Parcours initial : [60, 20, 29, 96, 124, 16, 78, 38, 25, 62, 150, 40, 19, 11, 34, 39, 136, 30, 89, 65, 45, 120, 24, 113, 118, 28, 97, 52, 107, 5, 145, 122, 57, 63, 77, 33, 15, 13, 126, 123, 59, 100, 46, 115, 105, 137, 98, 75, 61, 86, 42, 139, 111, 147, 132, 114, 101, 70, 146, 31, 69, 7, 143, 71, 37, 142, 48, 27, 106, 131, 22, 82, 110, 41, 91, 35, 129, 18, 103, 72, 1, 81, 93, 74, 26, 54, 66, 127, 117, 17, 149, 85, 119, 125, 9, 14, 2, 135, 108, 55, 140, 128, 51, 73, 36, 23, 99, 134, 121, 144, 79, 6, 133, 88, 56, 10, 43, 32, 148, 76, 64, 58, 83, 67, 4, 68, 112, 12, 47, 21, 109, 104, 102, 44, 50, 94, 141, 80, 87, 49, 53, 8, 92, 116, 90, 3, 138, 95, 130, 84]
           Parcours modifié : [60, 20, 29, 96, 124, 16, 78, 38, 25, 62, 81, 40, 19, 11, 34, 39, 136, 30, 89, 65, 45, 120, 24, 113, 118, 28, 97, 52, 107, 5, 145, 122, 57, 63, 77, 33, 15, 13, 126, 123, 59, 100, 46, 115, 105, 137, 98, 75, 61, 86, 42, 139, 111, 147, 132, 114, 101, 70, 146, 31, 69, 7, 143, 71, 37, 142, 48, 27, 106, 131, 22, 82, 110, 41, 91, 35, 129, 18, 103, 72, 150, 81, 93, 74, 26, 54, 66, 127, 117, 17, 149, 85, 119, 125, 9, 14, 2, 135, 108, 55, 140, 128, 51, 73, 36, 23, 99, 134, 121, 144, 79, 6, 133, 88, 56, 10, 43, 32, 148, 76, 64, 58, 83, 67, 4, 68, 112, 12, 47, 21, 109, 104, 102, 44, 50, 94, 141, 80, 87, 49, 53, 8, 92, 116, 90, 3, 138, 95, 130, 1]
           Coût init 609 - Coût modif 1010
           Variation de coût : 401
           > Coût supérieur obtenu avec ce nouveau parcours -> Solution non améliorante.
           Parcours retourné : [60, 20, 29, 96, 124, 16, 78, 38, 25, 62, 150, 40, 19, 11, 34, 39, 136, 30, 89, 65, 45, 120, 24, 113, 118, 28, 97, 52, 107, 5, 145, 122, 57, 63, 77, 33, 15, 13, 126, 123, 59, 100, 46, 115, 105, 137, 98, 75, 61, 86, 42, 139, 111, 147, 132, 114, 101, 70, 146, 31, 69, 7, 143, 71, 37, 142, 48, 27, 106, 131, 22, 82, 110, 41, 91, 35, 129, 18, 103, 72, 1, 81, 93, 74, 26, 54, 66, 127, 117, 17, 149, 85, 119, 125, 9, 14, 2, 135, 108, 55, 140, 128, 51, 73, 36, 23, 99, 134, 121, 144, 79, 6, 133, 88, 56, 10, 43, 32, 148, 76, 64, 58, 83, 67, 4, 68, 112, 12, 47, 21, 109, 104, 102, 44, 50, 94, 141, 80, 87, 49, 53, 8, 92, 116, 90, 3, 138, 95, 130, 84]
#########################################################################################
#########################################################################################
Δ < 0 trouvé : 
           Δ((i = 150, j = 84);(i' = 54, j' = 147) = -35
           Parcours initial : [60, 20, 29, 96, 124, 16, 78, 38, 25, 62, 150, 40, 19, 11, 34, 39, 136, 30, 89, 65, 45, 120, 24, 113, 118, 28, 97, 52, 107, 5, 145, 122, 57, 63, 77, 33, 15, 13, 126, 123, 59, 100, 46, 115, 105, 137, 98, 75, 61, 86, 42, 139, 111, 147, 132, 114, 101, 70, 146, 31, 69, 7, 143, 71, 37, 142, 48, 27, 106, 131, 22, 82, 110, 41, 91, 35, 129, 18, 103, 72, 1, 81, 93, 74, 26, 54, 66, 127, 117, 17, 149, 85, 119, 125, 9, 14, 2, 135, 108, 55, 140, 128, 51, 73, 36, 23, 99, 134, 121, 144, 79, 6, 133, 88, 56, 10, 43, 32, 148, 76, 64, 58, 83, 67, 4, 68, 112, 12, 47, 21, 109, 104, 102, 44, 50, 94, 141, 80, 87, 49, 53, 8, 92, 116, 90, 3, 138, 95, 130, 84]
           Parcours modifié : [60, 20, 29, 96, 124, 16, 78, 38, 25, 62, 150, 40, 19, 11, 34, 39, 136, 30, 89, 65, 45, 120, 24, 113, 118, 28, 97, 52, 107, 5, 145, 122, 57, 63, 77, 33, 15, 13, 126, 123, 59, 100, 46, 115, 105, 137, 98, 75, 61, 86, 42, 139, 111, 84, 132, 114, 101, 70, 146, 31, 69, 7, 143, 71, 37, 142, 48, 27, 106, 131, 22, 82, 110, 41, 91, 35, 129, 18, 103, 72, 1, 81, 93, 147, 26, 54, 66, 127, 117, 17, 149, 85, 119, 125, 9, 14, 2, 135, 108, 55, 140, 128, 51, 73, 36, 23, 99, 134, 121, 144, 79, 6, 133, 88, 56, 10, 43, 32, 148, 76, 64, 58, 83, 67, 4, 68, 112, 12, 47, 21, 109, 104, 102, 44, 50, 94, 141, 80, 87, 49, 53, 8, 92, 116, 90, 3, 138, 95, 130, 54]
           Coût init 609 - Coût modif 2482
           Variation de coût : 1873
           > Coût supérieur obtenu avec ce nouveau parcours -> Solution non améliorante.
           Parcours retourné : [60, 20, 29, 96, 124, 16, 78, 38, 25, 62, 150, 40, 19, 11, 34, 39, 136, 30, 89, 65, 45, 120, 24, 113, 118, 28, 97, 52, 107, 5, 145, 122, 57, 63, 77, 33, 15, 13, 126, 123, 59, 100, 46, 115, 105, 137, 98, 75, 61, 86, 42, 139, 111, 147, 132, 114, 101, 70, 146, 31, 69, 7, 143, 71, 37, 142, 48, 27, 106, 131, 22, 82, 110, 41, 91, 35, 129, 18, 103, 72, 1, 81, 93, 74, 26, 54, 66, 127, 117, 17, 149, 85, 119, 125, 9, 14, 2, 135, 108, 55, 140, 128, 51, 73, 36, 23, 99, 134, 121, 144, 79, 6, 133, 88, 56, 10, 43, 32, 148, 76, 64, 58, 83, 67, 4, 68, 112, 12, 47, 21, 109, 104, 102, 44, 50, 94, 141, 80, 87, 49, 53, 8, 92, 116, 90, 3, 138, 95, 130, 84]
#########################################################################################
#########################################################################################
Δ < 0 trouvé : 
           Δ((i = 74, j = 41);(i' = 72, j' = 82) = -51
           Parcours initial : [60, 20, 29, 96, 124, 16, 78, 38, 25, 62, 150, 40, 19, 11, 34, 39, 136, 30, 89, 65, 45, 120, 24, 113, 118, 28, 97, 52, 107, 5, 145, 122, 57, 63, 77, 33, 15, 13, 126, 123, 59, 100, 46, 115, 105, 137, 98, 75, 61, 86, 42, 139, 111, 147, 132, 114, 101, 70, 146, 31, 69, 7, 143, 71, 37, 142, 48, 27, 106, 131, 22, 82, 110, 41, 91, 35, 129, 18, 103, 72, 1, 81, 93, 74, 26, 54, 66, 127, 117, 17, 149, 85, 119, 125, 9, 14, 2, 135, 108, 55, 140, 128, 51, 73, 36, 23, 99, 134, 121, 144, 79, 6, 133, 88, 56, 10, 43, 32, 148, 76, 64, 58, 83, 67, 4, 68, 112, 12, 47, 21, 109, 104, 102, 44, 50, 94, 141, 80, 87, 49, 53, 8, 92, 116, 90, 3, 138, 95, 130, 84]
           Parcours modifié : [60, 20, 29, 96, 124, 16, 78, 38, 25, 62, 150, 40, 19, 11, 34, 39, 136, 30, 89, 65, 45, 120, 24, 113, 118, 28, 97, 52, 107, 5, 145, 122, 57, 63, 77, 33, 15, 13, 126, 123, 82, 100, 46, 115, 105, 137, 98, 75, 61, 86, 42, 139, 111, 147, 132, 114, 101, 70, 146, 31, 69, 7, 143, 71, 37, 142, 48, 27, 106, 131, 22, 41, 110, 72, 91, 35, 129, 18, 103, 72, 1, 81, 93, 74, 26, 54, 66, 127, 117, 17, 149, 85, 119, 125, 9, 14, 2, 135, 108, 55, 140, 128, 51, 73, 36, 23, 99, 134, 121, 144, 79, 6, 133, 88, 56, 10, 43, 32, 148, 76, 64, 58, 83, 67, 4, 68, 112, 12, 47, 21, 109, 104, 102, 44, 50, 94, 141, 80, 87, 49, 53, 8, 92, 116, 90, 3, 138, 95, 130, 84]
           Coût init 609 - Coût modif 1603
           Variation de coût : 994
           > Coût supérieur obtenu avec ce nouveau parcours -> Solution non améliorante.
           Parcours retourné : [60, 20, 29, 96, 124, 16, 78, 38, 25, 62, 150, 40, 19, 11, 34, 39, 136, 30, 89, 65, 45, 120, 24, 113, 118, 28, 97, 52, 107, 5, 145, 122, 57, 63, 77, 33, 15, 13, 126, 123, 59, 100, 46, 115, 105, 137, 98, 75, 61, 86, 42, 139, 111, 147, 132, 114, 101, 70, 146, 31, 69, 7, 143, 71, 37, 142, 48, 27, 106, 131, 22, 82, 110, 41, 91, 35, 129, 18, 103, 72, 1, 81, 93, 74, 26, 54, 66, 127, 117, 17, 149, 85, 119, 125, 9, 14, 2, 135, 108, 55, 140, 128, 51, 73, 36, 23, 99, 134, 121, 144, 79, 6, 133, 88, 56, 10, 43, 32, 148, 76, 64, 58, 83, 67, 4, 68, 112, 12, 47, 21, 109, 104, 102, 44, 50, 94, 141, 80, 87, 49, 53, 8, 92, 116, 90, 3, 138, 95, 130, 84]
#########################################################################################
#########################################################################################
Δ < 0 trouvé : 
           Δ((i = 41, j = 59);(i' = 82, j' = 81) = -13
           Parcours initial : [60, 20, 29, 96, 124, 16, 78, 38, 25, 62, 150, 40, 19, 11, 34, 39, 136, 30, 89, 65, 45, 120, 24, 113, 118, 28, 97, 52, 107, 5, 145, 122, 57, 63, 77, 33, 15, 13, 126, 123, 59, 100, 46, 115, 105, 137, 98, 75, 61, 86, 42, 139, 111, 147, 132, 114, 101, 70, 146, 31, 69, 7, 143, 71, 37, 142, 48, 27, 106, 131, 22, 82, 110, 41, 91, 35, 129, 18, 103, 72, 1, 81, 93, 74, 26, 54, 66, 127, 117, 17, 149, 85, 119, 125, 9, 14, 2, 135, 108, 55, 140, 128, 51, 73, 36, 23, 99, 134, 121, 144, 79, 6, 133, 88, 56, 10, 43, 32, 148, 76, 64, 58, 83, 67, 4, 68, 112, 12, 47, 21, 109, 104, 102, 44, 50, 94, 141, 80, 87, 49, 53, 8, 92, 116, 90, 3, 138, 95, 130, 84]
           Parcours modifié : [60, 20, 29, 96, 124, 16, 78, 38, 25, 62, 150, 40, 19, 11, 34, 39, 136, 30, 89, 65, 45, 120, 24, 113, 118, 28, 97, 52, 107, 5, 145, 122, 57, 63, 77, 33, 15, 13, 126, 123, 82, 100, 46, 115, 105, 137, 98, 75, 61, 86, 42, 139, 111, 147, 132, 114, 101, 70, 81, 31, 69, 7, 143, 71, 37, 142, 48, 27, 106, 131, 22, 82, 110, 41, 91, 35, 129, 18, 103, 72, 1, 59, 93, 74, 26, 54, 66, 127, 117, 17, 149, 85, 119, 125, 9, 14, 2, 135, 108, 55, 140, 128, 51, 73, 36, 23, 99, 134, 121, 144, 79, 6, 133, 88, 56, 10, 43, 32, 148, 76, 64, 58, 83, 67, 4, 68, 112, 12, 47, 21, 109, 104, 102, 44, 50, 94, 141, 80, 87, 49, 53, 8, 92, 116, 90, 3, 138, 95, 130, 84]
           Coût init 609 - Coût modif 1491
           Variation de coût : 882
           > Coût supérieur obtenu avec ce nouveau parcours -> Solution non améliorante.
           Parcours retourné : [60, 20, 29, 96, 124, 16, 78, 38, 25, 62, 150, 40, 19, 11, 34, 39, 136, 30, 89, 65, 45, 120, 24, 113, 118, 28, 97, 52, 107, 5, 145, 122, 57, 63, 77, 33, 15, 13, 126, 123, 59, 100, 46, 115, 105, 137, 98, 75, 61, 86, 42, 139, 111, 147, 132, 114, 101, 70, 146, 31, 69, 7, 143, 71, 37, 142, 48, 27, 106, 131, 22, 82, 110, 41, 91, 35, 129, 18, 103, 72, 1, 81, 93, 74, 26, 54, 66, 127, 117, 17, 149, 85, 119, 125, 9, 14, 2, 135, 108, 55, 140, 128, 51, 73, 36, 23, 99, 134, 121, 144, 79, 6, 133, 88, 56, 10, 43, 32, 148, 76, 64, 58, 83, 67, 4, 68, 112, 12, 47, 21, 109, 104, 102, 44, 50, 94, 141, 80, 87, 49, 53, 8, 92, 116, 90, 3, 138, 95, 130, 84]
#########################################################################################
#########################################################################################
Δ < 0 trouvé : 
           Δ((i = 41, j = 59);(i' = 81, j' = 1) = -1
           Parcours initial : [60, 20, 29, 96, 124, 16, 78, 38, 25, 62, 150, 40, 19, 11, 34, 39, 136, 30, 89, 65, 45, 120, 24, 113, 118, 28, 97, 52, 107, 5, 145, 122, 57, 63, 77, 33, 15, 13, 126, 123, 59, 100, 46, 115, 105, 137, 98, 75, 61, 86, 42, 139, 111, 147, 132, 114, 101, 70, 146, 31, 69, 7, 143, 71, 37, 142, 48, 27, 106, 131, 22, 82, 110, 41, 91, 35, 129, 18, 103, 72, 1, 81, 93, 74, 26, 54, 66, 127, 117, 17, 149, 85, 119, 125, 9, 14, 2, 135, 108, 55, 140, 128, 51, 73, 36, 23, 99, 134, 121, 144, 79, 6, 133, 88, 56, 10, 43, 32, 148, 76, 64, 58, 83, 67, 4, 68, 112, 12, 47, 21, 109, 104, 102, 44, 50, 94, 141, 80, 87, 49, 53, 8, 92, 116, 90, 3, 138, 95, 130, 84]
           Parcours modifié : [60, 20, 29, 96, 124, 16, 78, 38, 25, 62, 150, 40, 19, 11, 34, 39, 136, 30, 89, 65, 45, 120, 24, 113, 118, 28, 97, 52, 107, 5, 145, 122, 57, 63, 77, 33, 15, 13, 126, 123, 81, 100, 46, 115, 105, 137, 98, 75, 61, 86, 42, 139, 111, 147, 132, 114, 101, 70, 1, 31, 69, 7, 143, 71, 37, 142, 48, 27, 106, 131, 22, 82, 110, 41, 91, 35, 129, 18, 103, 72, 59, 81, 93, 74, 26, 54, 66, 127, 117, 17, 149, 85, 119, 125, 9, 14, 2, 135, 108, 55, 140, 128, 51, 73, 36, 23, 99, 134, 121, 144, 79, 6, 133, 88, 56, 10, 43, 32, 148, 76, 64, 58, 83, 67, 4, 68, 112, 12, 47, 21, 109, 104, 102, 44, 50, 94, 141, 80, 87, 49, 53, 8, 92, 116, 90, 3, 138, 95, 130, 84]
           Coût init 609 - Coût modif 940
           Variation de coût : 331
           > Coût supérieur obtenu avec ce nouveau parcours -> Solution non améliorante.
           Parcours retourné : [60, 20, 29, 96, 124, 16, 78, 38, 25, 62, 150, 40, 19, 11, 34, 39, 136, 30, 89, 65, 45, 120, 24, 113, 118, 28, 97, 52, 107, 5, 145, 122, 57, 63, 77, 33, 15, 13, 126, 123, 59, 100, 46, 115, 105, 137, 98, 75, 61, 86, 42, 139, 111, 147, 132, 114, 101, 70, 146, 31, 69, 7, 143, 71, 37, 142, 48, 27, 106, 131, 22, 82, 110, 41, 91, 35, 129, 18, 103, 72, 1, 81, 93, 74, 26, 54, 66, 127, 117, 17, 149, 85, 119, 125, 9, 14, 2, 135, 108, 55, 140, 128, 51, 73, 36, 23, 99, 134, 121, 144, 79, 6, 133, 88, 56, 10, 43, 32, 148, 76, 64, 58, 83, 67, 4, 68, 112, 12, 47, 21, 109, 104, 102, 44, 50, 94, 141, 80, 87, 49, 53, 8, 92, 116, 90, 3, 138, 95, 130, 84]
#########################################################################################
#########################################################################################
Δ < 0 trouvé : 
           Δ((i = 146, j = 3);(i' = 116, j' = 10) = -2
           Parcours initial : [60, 20, 29, 96, 124, 16, 78, 38, 25, 62, 150, 40, 19, 11, 34, 39, 136, 30, 89, 65, 45, 120, 24, 113, 118, 28, 97, 52, 107, 5, 145, 122, 57, 63, 77, 33, 15, 13, 126, 123, 59, 100, 46, 115, 105, 137, 98, 75, 61, 86, 42, 139, 111, 147, 132, 114, 101, 70, 146, 31, 69, 7, 143, 71, 37, 142, 48, 27, 106, 131, 22, 82, 110, 41, 91, 35, 129, 18, 103, 72, 1, 81, 93, 74, 26, 54, 66, 127, 117, 17, 149, 85, 119, 125, 9, 14, 2, 135, 108, 55, 140, 128, 51, 73, 36, 23, 99, 134, 121, 144, 79, 6, 133, 88, 56, 10, 43, 32, 148, 76, 64, 58, 83, 67, 4, 68, 112, 12, 47, 21, 109, 104, 102, 44, 50, 94, 141, 80, 87, 49, 53, 8, 92, 116, 90, 3, 138, 95, 130, 84]
           Parcours modifié : [60, 20, 10, 96, 124, 16, 78, 38, 25, 62, 150, 40, 19, 11, 34, 39, 136, 30, 89, 65, 45, 120, 24, 113, 118, 28, 97, 52, 107, 5, 145, 122, 57, 63, 77, 33, 15, 13, 126, 123, 59, 100, 46, 115, 105, 137, 98, 75, 61, 86, 42, 139, 111, 147, 132, 114, 101, 70, 146, 31, 69, 7, 143, 71, 37, 142, 48, 27, 106, 131, 22, 82, 110, 41, 91, 35, 129, 18, 103, 72, 1, 81, 93, 74, 26, 54, 66, 127, 117, 17, 149, 85, 119, 125, 9, 14, 2, 135, 108, 55, 140, 128, 51, 73, 36, 23, 99, 134, 121, 144, 79, 6, 133, 88, 56, 3, 43, 32, 148, 76, 64, 58, 83, 67, 4, 68, 112, 12, 47, 21, 109, 104, 102, 44, 50, 94, 141, 80, 87, 49, 53, 8, 92, 116, 90, 116, 138, 95, 130, 84]
           Coût init 609 - Coût modif 744
           Variation de coût : 135
           > Coût supérieur obtenu avec ce nouveau parcours -> Solution non améliorante.
           Parcours retourné : [60, 20, 29, 96, 124, 16, 78, 38, 25, 62, 150, 40, 19, 11, 34, 39, 136, 30, 89, 65, 45, 120, 24, 113, 118, 28, 97, 52, 107, 5, 145, 122, 57, 63, 77, 33, 15, 13, 126, 123, 59, 100, 46, 115, 105, 137, 98, 75, 61, 86, 42, 139, 111, 147, 132, 114, 101, 70, 146, 31, 69, 7, 143, 71, 37, 142, 48, 27, 106, 131, 22, 82, 110, 41, 91, 35, 129, 18, 103, 72, 1, 81, 93, 74, 26, 54, 66, 127, 117, 17, 149, 85, 119, 125, 9, 14, 2, 135, 108, 55, 140, 128, 51, 73, 36, 23, 99, 134, 121, 144, 79, 6, 133, 88, 56, 10, 43, 32, 148, 76, 64, 58, 83, 67, 4, 68, 112, 12, 47, 21, 109, 104, 102, 44, 50, 94, 141, 80, 87, 49, 53, 8, 92, 116, 90, 3, 138, 95, 130, 84]
#########################################################################################
#########################################################################################
Δ < 0 trouvé : 
           Δ((i = 107, j = 99);(i' = 98, j' = 135) = -4
           Parcours initial : [60, 20, 29, 96, 124, 16, 78, 38, 25, 62, 150, 40, 19, 11, 34, 39, 136, 30, 89, 65, 45, 120, 24, 113, 118, 28, 97, 52, 107, 5, 145, 122, 57, 63, 77, 33, 15, 13, 126, 123, 59, 100, 46, 115, 105, 137, 98, 75, 61, 86, 42, 139, 111, 147, 132, 114, 101, 70, 146, 31, 69, 7, 143, 71, 37, 142, 48, 27, 106, 131, 22, 82, 110, 41, 91, 35, 129, 18, 103, 72, 1, 81, 93, 74, 26, 54, 66, 127, 117, 17, 149, 85, 119, 125, 9, 14, 2, 135, 108, 55, 140, 128, 51, 73, 36, 23, 99, 134, 121, 144, 79, 6, 133, 88, 56, 10, 43, 32, 148, 76, 64, 58, 83, 67, 4, 68, 112, 12, 47, 21, 109, 104, 102, 44, 50, 94, 141, 80, 87, 49, 53, 8, 92, 116, 90, 3, 138, 95, 130, 84]
           Parcours modifié : [60, 20, 29, 96, 124, 16, 78, 38, 25, 62, 150, 40, 19, 11, 34, 39, 136, 30, 89, 65, 45, 120, 24, 113, 118, 28, 97, 52, 107, 5, 145, 122, 57, 63, 77, 33, 15, 13, 126, 123, 59, 100, 46, 115, 105, 137, 98, 75, 61, 86, 42, 139, 111, 147, 132, 114, 101, 70, 146, 31, 69, 7, 143, 71, 37, 142, 48, 27, 106, 131, 22, 82, 110, 41, 91, 35, 129, 18, 103, 72, 1, 81, 93, 74, 26, 54, 66, 127, 117, 17, 149, 85, 119, 125, 9, 14, 2, 99, 135, 55, 140, 128, 51, 73, 36, 23, 98, 134, 121, 144, 79, 6, 133, 88, 56, 10, 43, 32, 148, 76, 64, 58, 83, 67, 4, 68, 112, 12, 47, 21, 109, 104, 102, 44, 50, 94, 141, 80, 87, 49, 53, 8, 92, 116, 90, 3, 138, 95, 130, 84]
           Coût init 609 - Coût modif 1665
           Variation de coût : 1056
           > Coût supérieur obtenu avec ce nouveau parcours -> Solution non améliorante.
           Parcours retourné : [60, 20, 29, 96, 124, 16, 78, 38, 25, 62, 150, 40, 19, 11, 34, 39, 136, 30, 89, 65, 45, 120, 24, 113, 118, 28, 97, 52, 107, 5, 145, 122, 57, 63, 77, 33, 15, 13, 126, 123, 59, 100, 46, 115, 105, 137, 98, 75, 61, 86, 42, 139, 111, 147, 132, 114, 101, 70, 146, 31, 69, 7, 143, 71, 37, 142, 48, 27, 106, 131, 22, 82, 110, 41, 91, 35, 129, 18, 103, 72, 1, 81, 93, 74, 26, 54, 66, 127, 117, 17, 149, 85, 119, 125, 9, 14, 2, 135, 108, 55, 140, 128, 51, 73, 36, 23, 99, 134, 121, 144, 79, 6, 133, 88, 56, 10, 43, 32, 148, 76, 64, 58, 83, 67, 4, 68, 112, 12, 47, 21, 109, 104, 102, 44, 50, 94, 141, 80, 87, 49, 53, 8, 92, 116, 90, 3, 138, 95, 130, 84]
#########################################################################################
#########################################################################################
Δ < 0 trouvé : 
           Δ((i = 107, j = 99);(i' = 82, j' = 81) = -18
           Parcours initial : [60, 20, 29, 96, 124, 16, 78, 38, 25, 62, 150, 40, 19, 11, 34, 39, 136, 30, 89, 65, 45, 120, 24, 113, 118, 28, 97, 52, 107, 5, 145, 122, 57, 63, 77, 33, 15, 13, 126, 123, 59, 100, 46, 115, 105, 137, 98, 75, 61, 86, 42, 139, 111, 147, 132, 114, 101, 70, 146, 31, 69, 7, 143, 71, 37, 142, 48, 27, 106, 131, 22, 82, 110, 41, 91, 35, 129, 18, 103, 72, 1, 81, 93, 74, 26, 54, 66, 127, 117, 17, 149, 85, 119, 125, 9, 14, 2, 135, 108, 55, 140, 128, 51, 73, 36, 23, 99, 134, 121, 144, 79, 6, 133, 88, 56, 10, 43, 32, 148, 76, 64, 58, 83, 67, 4, 68, 112, 12, 47, 21, 109, 104, 102, 44, 50, 94, 141, 80, 87, 49, 53, 8, 92, 116, 90, 3, 138, 95, 130, 84]
           Parcours modifié : [60, 20, 29, 96, 124, 16, 78, 38, 25, 62, 150, 40, 19, 11, 34, 39, 136, 30, 89, 65, 45, 120, 24, 113, 118, 28, 97, 52, 107, 5, 145, 122, 57, 63, 77, 33, 15, 13, 126, 123, 59, 100, 46, 115, 105, 137, 98, 75, 61, 86, 42, 139, 111, 147, 132, 114, 101, 70, 146, 31, 69, 7, 143, 71, 37, 142, 48, 27, 106, 131, 22, 82, 110, 41, 91, 35, 129, 18, 103, 72, 1, 99, 93, 74, 26, 54, 66, 127, 117, 17, 149, 85, 119, 125, 9, 14, 2, 135, 81, 55, 140, 128, 51, 73, 36, 23, 82, 134, 121, 144, 79, 6, 133, 88, 56, 10, 43, 32, 148, 76, 64, 58, 83, 67, 4, 68, 112, 12, 47, 21, 109, 104, 102, 44, 50, 94, 141, 80, 87, 49, 53, 8, 92, 116, 90, 3, 138, 95, 130, 84]
           Coût init 609 - Coût modif 810
           Variation de coût : 201
           > Coût supérieur obtenu avec ce nouveau parcours -> Solution non améliorante.
           Parcours retourné : [60, 20, 29, 96, 124, 16, 78, 38, 25, 62, 150, 40, 19, 11, 34, 39, 136, 30, 89, 65, 45, 120, 24, 113, 118, 28, 97, 52, 107, 5, 145, 122, 57, 63, 77, 33, 15, 13, 126, 123, 59, 100, 46, 115, 105, 137, 98, 75, 61, 86, 42, 139, 111, 147, 132, 114, 101, 70, 146, 31, 69, 7, 143, 71, 37, 142, 48, 27, 106, 131, 22, 82, 110, 41, 91, 35, 129, 18, 103, 72, 1, 81, 93, 74, 26, 54, 66, 127, 117, 17, 149, 85, 119, 125, 9, 14, 2, 135, 108, 55, 140, 128, 51, 73, 36, 23, 99, 134, 121, 144, 79, 6, 133, 88, 56, 10, 43, 32, 148, 76, 64, 58, 83, 67, 4, 68, 112, 12, 47, 21, 109, 104, 102, 44, 50, 94, 141, 80, 87, 49, 53, 8, 92, 116, 90, 3, 138, 95, 130, 84]
#########################################################################################
#########################################################################################
Δ < 0 trouvé : 
           Δ((i = 99, j = 108);(i' = 98, j' = 135) = -2
           Parcours initial : [60, 20, 29, 96, 124, 16, 78, 38, 25, 62, 150, 40, 19, 11, 34, 39, 136, 30, 89, 65, 45, 120, 24, 113, 118, 28, 97, 52, 107, 5, 145, 122, 57, 63, 77, 33, 15, 13, 126, 123, 59, 100, 46, 115, 105, 137, 98, 75, 61, 86, 42, 139, 111, 147, 132, 114, 101, 70, 146, 31, 69, 7, 143, 71, 37, 142, 48, 27, 106, 131, 22, 82, 110, 41, 91, 35, 129, 18, 103, 72, 1, 81, 93, 74, 26, 54, 66, 127, 117, 17, 149, 85, 119, 125, 9, 14, 2, 135, 108, 55, 140, 128, 51, 73, 36, 23, 99, 134, 121, 144, 79, 6, 133, 88, 56, 10, 43, 32, 148, 76, 64, 58, 83, 67, 4, 68, 112, 12, 47, 21, 109, 104, 102, 44, 50, 94, 141, 80, 87, 49, 53, 8, 92, 116, 90, 3, 138, 95, 130, 84]
           Parcours modifié : [60, 20, 29, 96, 124, 16, 78, 38, 25, 62, 150, 40, 19, 11, 34, 39, 136, 30, 89, 65, 45, 120, 24, 113, 118, 28, 97, 52, 107, 5, 145, 122, 57, 63, 77, 33, 15, 13, 126, 123, 59, 100, 46, 115, 105, 137, 98, 75, 61, 86, 42, 139, 111, 147, 132, 114, 101, 70, 146, 31, 69, 7, 143, 71, 37, 142, 48, 27, 106, 131, 22, 82, 110, 41, 91, 35, 129, 18, 103, 72, 1, 81, 93, 74, 26, 54, 66, 127, 117, 17, 149, 85, 119, 125, 9, 14, 2, 108, 98, 55, 140, 128, 51, 73, 36, 23, 99, 135, 121, 144, 79, 6, 133, 88, 56, 10, 43, 32, 148, 76, 64, 58, 83, 67, 4, 68, 112, 12, 47, 21, 109, 104, 102, 44, 50, 94, 141, 80, 87, 49, 53, 8, 92, 116, 90, 3, 138, 95, 130, 84]
           Coût init 609 - Coût modif 1796
           Variation de coût : 1187
           > Coût supérieur obtenu avec ce nouveau parcours -> Solution non améliorante.
           Parcours retourné : [60, 20, 29, 96, 124, 16, 78, 38, 25, 62, 150, 40, 19, 11, 34, 39, 136, 30, 89, 65, 45, 120, 24, 113, 118, 28, 97, 52, 107, 5, 145, 122, 57, 63, 77, 33, 15, 13, 126, 123, 59, 100, 46, 115, 105, 137, 98, 75, 61, 86, 42, 139, 111, 147, 132, 114, 101, 70, 146, 31, 69, 7, 143, 71, 37, 142, 48, 27, 106, 131, 22, 82, 110, 41, 91, 35, 129, 18, 103, 72, 1, 81, 93, 74, 26, 54, 66, 127, 117, 17, 149, 85, 119, 125, 9, 14, 2, 135, 108, 55, 140, 128, 51, 73, 36, 23, 99, 134, 121, 144, 79, 6, 133, 88, 56, 10, 43, 32, 148, 76, 64, 58, 83, 67, 4, 68, 112, 12, 47, 21, 109, 104, 102, 44, 50, 94, 141, 80, 87, 49, 53, 8, 92, 116, 90, 3, 138, 95, 130, 84]
#########################################################################################
#########################################################################################
Δ < 0 trouvé : 
           Δ((i = 99, j = 108);(i' = 72, j' = 82) = -15
           Parcours initial : [60, 20, 29, 96, 124, 16, 78, 38, 25, 62, 150, 40, 19, 11, 34, 39, 136, 30, 89, 65, 45, 120, 24, 113, 118, 28, 97, 52, 107, 5, 145, 122, 57, 63, 77, 33, 15, 13, 126, 123, 59, 100, 46, 115, 105, 137, 98, 75, 61, 86, 42, 139, 111, 147, 132, 114, 101, 70, 146, 31, 69, 7, 143, 71, 37, 142, 48, 27, 106, 131, 22, 82, 110, 41, 91, 35, 129, 18, 103, 72, 1, 81, 93, 74, 26, 54, 66, 127, 117, 17, 149, 85, 119, 125, 9, 14, 2, 135, 108, 55, 140, 128, 51, 73, 36, 23, 99, 134, 121, 144, 79, 6, 133, 88, 56, 10, 43, 32, 148, 76, 64, 58, 83, 67, 4, 68, 112, 12, 47, 21, 109, 104, 102, 44, 50, 94, 141, 80, 87, 49, 53, 8, 92, 116, 90, 3, 138, 95, 130, 84]
           Parcours modifié : [60, 20, 29, 96, 124, 16, 78, 38, 25, 62, 150, 40, 19, 11, 34, 39, 136, 30, 89, 65, 45, 120, 24, 113, 118, 28, 97, 52, 107, 5, 145, 122, 57, 63, 77, 33, 15, 13, 126, 123, 59, 100, 46, 115, 105, 137, 98, 75, 61, 86, 42, 139, 111, 147, 132, 114, 101, 70, 146, 31, 69, 7, 143, 71, 37, 142, 48, 27, 106, 131, 22, 108, 110, 41, 91, 35, 129, 18, 103, 72, 1, 81, 93, 74, 26, 54, 66, 127, 117, 17, 149, 85, 119, 125, 9, 14, 2, 135, 72, 55, 140, 128, 51, 73, 36, 23, 99, 82, 121, 144, 79, 6, 133, 88, 56, 10, 43, 32, 148, 76, 64, 58, 83, 67, 4, 68, 112, 12, 47, 21, 109, 104, 102, 44, 50, 94, 141, 80, 87, 49, 53, 8, 92, 116, 90, 3, 138, 95, 130, 84]
           Coût init 609 - Coût modif 1526
           Variation de coût : 917
           > Coût supérieur obtenu avec ce nouveau parcours -> Solution non améliorante.
           Parcours retourné : [60, 20, 29, 96, 124, 16, 78, 38, 25, 62, 150, 40, 19, 11, 34, 39, 136, 30, 89, 65, 45, 120, 24, 113, 118, 28, 97, 52, 107, 5, 145, 122, 57, 63, 77, 33, 15, 13, 126, 123, 59, 100, 46, 115, 105, 137, 98, 75, 61, 86, 42, 139, 111, 147, 132, 114, 101, 70, 146, 31, 69, 7, 143, 71, 37, 142, 48, 27, 106, 131, 22, 82, 110, 41, 91, 35, 129, 18, 103, 72, 1, 81, 93, 74, 26, 54, 66, 127, 117, 17, 149, 85, 119, 125, 9, 14, 2, 135, 108, 55, 140, 128, 51, 73, 36, 23, 99, 134, 121, 144, 79, 6, 133, 88, 56, 10, 43, 32, 148, 76, 64, 58, 83, 67, 4, 68, 112, 12, 47, 21, 109, 104, 102, 44, 50, 94, 141, 80, 87, 49, 53, 8, 92, 116, 90, 3, 138, 95, 130, 84]
#########################################################################################
#########################################################################################
Δ < 0 trouvé : 
           Δ((i = 99, j = 108);(i' = 82, j' = 81) = -49
           Parcours initial : [60, 20, 29, 96, 124, 16, 78, 38, 25, 62, 150, 40, 19, 11, 34, 39, 136, 30, 89, 65, 45, 120, 24, 113, 118, 28, 97, 52, 107, 5, 145, 122, 57, 63, 77, 33, 15, 13, 126, 123, 59, 100, 46, 115, 105, 137, 98, 75, 61, 86, 42, 139, 111, 147, 132, 114, 101, 70, 146, 31, 69, 7, 143, 71, 37, 142, 48, 27, 106, 131, 22, 82, 110, 41, 91, 35, 129, 18, 103, 72, 1, 81, 93, 74, 26, 54, 66, 127, 117, 17, 149, 85, 119, 125, 9, 14, 2, 135, 108, 55, 140, 128, 51, 73, 36, 23, 99, 134, 121, 144, 79, 6, 133, 88, 56, 10, 43, 32, 148, 76, 64, 58, 83, 67, 4, 68, 112, 12, 47, 21, 109, 104, 102, 44, 50, 94, 141, 80, 87, 49, 53, 8, 92, 116, 90, 3, 138, 95, 130, 84]
           Parcours modifié : [60, 20, 29, 96, 124, 16, 78, 38, 25, 62, 150, 40, 19, 11, 34, 39, 136, 30, 89, 65, 45, 120, 24, 113, 118, 28, 97, 52, 107, 5, 145, 122, 57, 63, 77, 33, 15, 13, 126, 123, 59, 100, 46, 115, 105, 137, 98, 75, 61, 86, 42, 139, 111, 147, 132, 114, 101, 70, 146, 31, 69, 7, 143, 71, 37, 142, 48, 27, 106, 131, 22, 82, 110, 41, 91, 35, 129, 18, 103, 72, 1, 108, 93, 74, 26, 54, 66, 127, 117, 17, 149, 85, 119, 125, 9, 14, 2, 135, 82, 55, 140, 128, 51, 73, 36, 23, 99, 81, 121, 144, 79, 6, 133, 88, 56, 10, 43, 32, 148, 76, 64, 58, 83, 67, 4, 68, 112, 12, 47, 21, 109, 104, 102, 44, 50, 94, 141, 80, 87, 49, 53, 8, 92, 116, 90, 3, 138, 95, 130, 84]
           Coût init 609 - Coût modif 632
           Variation de coût : 23
           > Coût supérieur obtenu avec ce nouveau parcours -> Solution non améliorante.
           Parcours retourné : [60, 20, 29, 96, 124, 16, 78, 38, 25, 62, 150, 40, 19, 11, 34, 39, 136, 30, 89, 65, 45, 120, 24, 113, 118, 28, 97, 52, 107, 5, 145, 122, 57, 63, 77, 33, 15, 13, 126, 123, 59, 100, 46, 115, 105, 137, 98, 75, 61, 86, 42, 139, 111, 147, 132, 114, 101, 70, 146, 31, 69, 7, 143, 71, 37, 142, 48, 27, 106, 131, 22, 82, 110, 41, 91, 35, 129, 18, 103, 72, 1, 81, 93, 74, 26, 54, 66, 127, 117, 17, 149, 85, 119, 125, 9, 14, 2, 135, 108, 55, 140, 128, 51, 73, 36, 23, 99, 134, 121, 144, 79, 6, 133, 88, 56, 10, 43, 32, 148, 76, 64, 58, 83, 67, 4, 68, 112, 12, 47, 21, 109, 104, 102, 44, 50, 94, 141, 80, 87, 49, 53, 8, 92, 116, 90, 3, 138, 95, 130, 84]
#########################################################################################
#########################################################################################
Δ < 0 trouvé : 
           Δ((i = 108, j = 134);(i' = 81, j' = 1) = -22
           Parcours initial : [60, 20, 29, 96, 124, 16, 78, 38, 25, 62, 150, 40, 19, 11, 34, 39, 136, 30, 89, 65, 45, 120, 24, 113, 118, 28, 97, 52, 107, 5, 145, 122, 57, 63, 77, 33, 15, 13, 126, 123, 59, 100, 46, 115, 105, 137, 98, 75, 61, 86, 42, 139, 111, 147, 132, 114, 101, 70, 146, 31, 69, 7, 143, 71, 37, 142, 48, 27, 106, 131, 22, 82, 110, 41, 91, 35, 129, 18, 103, 72, 1, 81, 93, 74, 26, 54, 66, 127, 117, 17, 149, 85, 119, 125, 9, 14, 2, 135, 108, 55, 140, 128, 51, 73, 36, 23, 99, 134, 121, 144, 79, 6, 133, 88, 56, 10, 43, 32, 148, 76, 64, 58, 83, 67, 4, 68, 112, 12, 47, 21, 109, 104, 102, 44, 50, 94, 141, 80, 87, 49, 53, 8, 92, 116, 90, 3, 138, 95, 130, 84]
           Parcours modifié : [60, 20, 29, 96, 124, 16, 78, 38, 25, 62, 150, 40, 19, 11, 34, 39, 136, 30, 89, 65, 45, 120, 24, 113, 118, 28, 97, 52, 107, 5, 145, 122, 57, 63, 77, 33, 15, 13, 126, 123, 59, 100, 46, 115, 105, 137, 98, 75, 61, 86, 42, 139, 111, 147, 132, 114, 101, 70, 146, 31, 69, 7, 143, 71, 37, 142, 48, 27, 106, 131, 22, 82, 110, 41, 91, 35, 129, 18, 103, 72, 134, 81, 93, 74, 26, 54, 66, 127, 117, 17, 149, 85, 119, 125, 9, 14, 2, 135, 108, 55, 140, 128, 51, 73, 36, 23, 99, 81, 121, 144, 79, 6, 133, 88, 56, 10, 43, 32, 148, 76, 64, 58, 83, 67, 4, 68, 112, 12, 47, 21, 109, 104, 102, 1, 50, 94, 141, 80, 87, 49, 53, 8, 92, 116, 90, 3, 138, 95, 130, 84]
           Coût init 609 - Coût modif 752
           Variation de coût : 143
           > Coût supérieur obtenu avec ce nouveau parcours -> Solution non améliorante.
           Parcours retourné : [60, 20, 29, 96, 124, 16, 78, 38, 25, 62, 150, 40, 19, 11, 34, 39, 136, 30, 89, 65, 45, 120, 24, 113, 118, 28, 97, 52, 107, 5, 145, 122, 57, 63, 77, 33, 15, 13, 126, 123, 59, 100, 46, 115, 105, 137, 98, 75, 61, 86, 42, 139, 111, 147, 132, 114, 101, 70, 146, 31, 69, 7, 143, 71, 37, 142, 48, 27, 106, 131, 22, 82, 110, 41, 91, 35, 129, 18, 103, 72, 1, 81, 93, 74, 26, 54, 66, 127, 117, 17, 149, 85, 119, 125, 9, 14, 2, 135, 108, 55, 140, 128, 51, 73, 36, 23, 99, 134, 121, 144, 79, 6, 133, 88, 56, 10, 43, 32, 148, 76, 64, 58, 83, 67, 4, 68, 112, 12, 47, 21, 109, 104, 102, 44, 50, 94, 141, 80, 87, 49, 53, 8, 92, 116, 90, 3, 138, 95, 130, 84]
#########################################################################################
#########################################################################################
Δ < 0 trouvé : 
           Δ((i = 44, j = 115);(i' = 72, j' = 82) = -37
           Parcours initial : [60, 20, 29, 96, 124, 16, 78, 38, 25, 62, 150, 40, 19, 11, 34, 39, 136, 30, 89, 65, 45, 120, 24, 113, 118, 28, 97, 52, 107, 5, 145, 122, 57, 63, 77, 33, 15, 13, 126, 123, 59, 100, 46, 115, 105, 137, 98, 75, 61, 86, 42, 139, 111, 147, 132, 114, 101, 70, 146, 31, 69, 7, 143, 71, 37, 142, 48, 27, 106, 131, 22, 82, 110, 41, 91, 35, 129, 18, 103, 72, 1, 81, 93, 74, 26, 54, 66, 127, 117, 17, 149, 85, 119, 125, 9, 14, 2, 135, 108, 55, 140, 128, 51, 73, 36, 23, 99, 134, 121, 144, 79, 6, 133, 88, 56, 10, 43, 32, 148, 76, 64, 58, 83, 67, 4, 68, 112, 12, 47, 21, 109, 104, 102, 44, 50, 94, 141, 80, 87, 49, 53, 8, 92, 116, 90, 3, 138, 95, 130, 84]
           Parcours modifié : [60, 20, 29, 96, 124, 16, 78, 38, 25, 62, 150, 40, 19, 11, 34, 39, 136, 30, 89, 65, 45, 120, 24, 113, 118, 28, 97, 52, 107, 5, 145, 122, 57, 63, 77, 33, 15, 13, 126, 123, 59, 100, 46, 72, 105, 137, 98, 75, 61, 86, 42, 139, 111, 147, 132, 114, 101, 70, 146, 31, 69, 7, 143, 71, 37, 142, 48, 27, 106, 131, 22, 115, 110, 41, 91, 35, 129, 18, 103, 72, 1, 81, 93, 74, 26, 54, 66, 127, 117, 17, 149, 85, 119, 125, 9, 14, 2, 135, 108, 55, 140, 128, 51, 73, 36, 23, 99, 134, 121, 144, 79, 6, 133, 88, 82, 10, 43, 32, 148, 76, 64, 58, 83, 67, 4, 68, 112, 12, 47, 21, 109, 104, 102, 44, 50, 94, 141, 80, 87, 49, 53, 8, 92, 116, 90, 3, 138, 95, 130, 84]
           Coût init 609 - Coût modif 1055
           Variation de coût : 446
           > Coût supérieur obtenu avec ce nouveau parcours -> Solution non améliorante.
           Parcours retourné : [60, 20, 29, 96, 124, 16, 78, 38, 25, 62, 150, 40, 19, 11, 34, 39, 136, 30, 89, 65, 45, 120, 24, 113, 118, 28, 97, 52, 107, 5, 145, 122, 57, 63, 77, 33, 15, 13, 126, 123, 59, 100, 46, 115, 105, 137, 98, 75, 61, 86, 42, 139, 111, 147, 132, 114, 101, 70, 146, 31, 69, 7, 143, 71, 37, 142, 48, 27, 106, 131, 22, 82, 110, 41, 91, 35, 129, 18, 103, 72, 1, 81, 93, 74, 26, 54, 66, 127, 117, 17, 149, 85, 119, 125, 9, 14, 2, 135, 108, 55, 140, 128, 51, 73, 36, 23, 99, 134, 121, 144, 79, 6, 133, 88, 56, 10, 43, 32, 148, 76, 64, 58, 83, 67, 4, 68, 112, 12, 47, 21, 109, 104, 102, 44, 50, 94, 141, 80, 87, 49, 53, 8, 92, 116, 90, 3, 138, 95, 130, 84]
#########################################################################################
#########################################################################################
Δ < 0 trouvé : 
           Δ((i = 44, j = 115);(i' = 81, j' = 1) = -21
           Parcours initial : [60, 20, 29, 96, 124, 16, 78, 38, 25, 62, 150, 40, 19, 11, 34, 39, 136, 30, 89, 65, 45, 120, 24, 113, 118, 28, 97, 52, 107, 5, 145, 122, 57, 63, 77, 33, 15, 13, 126, 123, 59, 100, 46, 115, 105, 137, 98, 75, 61, 86, 42, 139, 111, 147, 132, 114, 101, 70, 146, 31, 69, 7, 143, 71, 37, 142, 48, 27, 106, 131, 22, 82, 110, 41, 91, 35, 129, 18, 103, 72, 1, 81, 93, 74, 26, 54, 66, 127, 117, 17, 149, 85, 119, 125, 9, 14, 2, 135, 108, 55, 140, 128, 51, 73, 36, 23, 99, 134, 121, 144, 79, 6, 133, 88, 56, 10, 43, 32, 148, 76, 64, 58, 83, 67, 4, 68, 112, 12, 47, 21, 109, 104, 102, 44, 50, 94, 141, 80, 87, 49, 53, 8, 92, 116, 90, 3, 138, 95, 130, 84]
           Parcours modifié : [60, 20, 29, 96, 124, 16, 78, 38, 25, 62, 150, 40, 19, 11, 34, 39, 136, 30, 89, 65, 45, 120, 24, 113, 118, 28, 97, 52, 107, 5, 145, 122, 57, 63, 77, 33, 15, 13, 126, 123, 59, 100, 46, 81, 105, 137, 98, 75, 61, 86, 42, 139, 111, 147, 132, 114, 101, 70, 146, 31, 69, 7, 143, 71, 37, 142, 48, 27, 106, 131, 22, 82, 110, 41, 91, 35, 129, 18, 103, 72, 115, 81, 93, 74, 26, 54, 66, 127, 117, 17, 149, 85, 119, 125, 9, 14, 2, 135, 108, 55, 140, 128, 51, 73, 36, 23, 99, 134, 121, 144, 79, 6, 133, 88, 1, 10, 43, 32, 148, 76, 64, 58, 83, 67, 4, 68, 112, 12, 47, 21, 109, 104, 102, 44, 50, 94, 141, 80, 87, 49, 53, 8, 92, 116, 90, 3, 138, 95, 130, 84]
           Coût init 609 - Coût modif 815
           Variation de coût : 206
           > Coût supérieur obtenu avec ce nouveau parcours -> Solution non améliorante.
           Parcours retourné : [60, 20, 29, 96, 124, 16, 78, 38, 25, 62, 150, 40, 19, 11, 34, 39, 136, 30, 89, 65, 45, 120, 24, 113, 118, 28, 97, 52, 107, 5, 145, 122, 57, 63, 77, 33, 15, 13, 126, 123, 59, 100, 46, 115, 105, 137, 98, 75, 61, 86, 42, 139, 111, 147, 132, 114, 101, 70, 146, 31, 69, 7, 143, 71, 37, 142, 48, 27, 106, 131, 22, 82, 110, 41, 91, 35, 129, 18, 103, 72, 1, 81, 93, 74, 26, 54, 66, 127, 117, 17, 149, 85, 119, 125, 9, 14, 2, 135, 108, 55, 140, 128, 51, 73, 36, 23, 99, 134, 121, 144, 79, 6, 133, 88, 56, 10, 43, 32, 148, 76, 64, 58, 83, 67, 4, 68, 112, 12, 47, 21, 109, 104, 102, 44, 50, 94, 141, 80, 87, 49, 53, 8, 92, 116, 90, 3, 138, 95, 130, 84]
#########################################################################################
#########################################################################################
Δ < 0 trouvé : 
           Δ((i = 115, j = 56);(i' = 72, j' = 82) = -19
           Parcours initial : [60, 20, 29, 96, 124, 16, 78, 38, 25, 62, 150, 40, 19, 11, 34, 39, 136, 30, 89, 65, 45, 120, 24, 113, 118, 28, 97, 52, 107, 5, 145, 122, 57, 63, 77, 33, 15, 13, 126, 123, 59, 100, 46, 115, 105, 137, 98, 75, 61, 86, 42, 139, 111, 147, 132, 114, 101, 70, 146, 31, 69, 7, 143, 71, 37, 142, 48, 27, 106, 131, 22, 82, 110, 41, 91, 35, 129, 18, 103, 72, 1, 81, 93, 74, 26, 54, 66, 127, 117, 17, 149, 85, 119, 125, 9, 14, 2, 135, 108, 55, 140, 128, 51, 73, 36, 23, 99, 134, 121, 144, 79, 6, 133, 88, 56, 10, 43, 32, 148, 76, 64, 58, 83, 67, 4, 68, 112, 12, 47, 21, 109, 104, 102, 44, 50, 94, 141, 80, 87, 49, 53, 8, 92, 116, 90, 3, 138, 95, 130, 84]
           Parcours modifié : [60, 20, 29, 96, 124, 16, 78, 38, 25, 62, 150, 40, 19, 11, 34, 39, 136, 30, 89, 65, 45, 120, 24, 113, 118, 28, 97, 52, 107, 5, 145, 122, 57, 63, 77, 33, 15, 13, 126, 123, 59, 100, 46, 115, 105, 137, 98, 75, 61, 86, 42, 139, 111, 147, 132, 82, 101, 70, 146, 31, 69, 7, 143, 71, 37, 142, 48, 27, 106, 131, 22, 56, 110, 41, 91, 35, 129, 18, 103, 72, 1, 81, 93, 74, 26, 54, 66, 127, 117, 17, 149, 85, 119, 125, 9, 14, 2, 135, 108, 55, 140, 128, 51, 73, 36, 23, 99, 134, 121, 144, 79, 6, 133, 88, 72, 10, 43, 32, 148, 76, 64, 58, 83, 67, 4, 68, 112, 12, 47, 21, 109, 104, 102, 44, 50, 94, 141, 80, 87, 49, 53, 8, 92, 116, 90, 3, 138, 95, 130, 84]
           Coût init 609 - Coût modif 1098
           Variation de coût : 489
           > Coût supérieur obtenu avec ce nouveau parcours -> Solution non améliorante.
           Parcours retourné : [60, 20, 29, 96, 124, 16, 78, 38, 25, 62, 150, 40, 19, 11, 34, 39, 136, 30, 89, 65, 45, 120, 24, 113, 118, 28, 97, 52, 107, 5, 145, 122, 57, 63, 77, 33, 15, 13, 126, 123, 59, 100, 46, 115, 105, 137, 98, 75, 61, 86, 42, 139, 111, 147, 132, 114, 101, 70, 146, 31, 69, 7, 143, 71, 37, 142, 48, 27, 106, 131, 22, 82, 110, 41, 91, 35, 129, 18, 103, 72, 1, 81, 93, 74, 26, 54, 66, 127, 117, 17, 149, 85, 119, 125, 9, 14, 2, 135, 108, 55, 140, 128, 51, 73, 36, 23, 99, 134, 121, 144, 79, 6, 133, 88, 56, 10, 43, 32, 148, 76, 64, 58, 83, 67, 4, 68, 112, 12, 47, 21, 109, 104, 102, 44, 50, 94, 141, 80, 87, 49, 53, 8, 92, 116, 90, 3, 138, 95, 130, 84]
#########################################################################################
#########################################################################################
Δ < 0 trouvé : 
           Δ((i = 114, j = 88);(i' = 72, j' = 82) = -39
           Parcours initial : [60, 20, 29, 96, 124, 16, 78, 38, 25, 62, 150, 40, 19, 11, 34, 39, 136, 30, 89, 65, 45, 120, 24, 113, 118, 28, 97, 52, 107, 5, 145, 122, 57, 63, 77, 33, 15, 13, 126, 123, 59, 100, 46, 115, 105, 137, 98, 75, 61, 86, 42, 139, 111, 147, 132, 114, 101, 70, 146, 31, 69, 7, 143, 71, 37, 142, 48, 27, 106, 131, 22, 82, 110, 41, 91, 35, 129, 18, 103, 72, 1, 81, 93, 74, 26, 54, 66, 127, 117, 17, 149, 85, 119, 125, 9, 14, 2, 135, 108, 55, 140, 128, 51, 73, 36, 23, 99, 134, 121, 144, 79, 6, 133, 88, 56, 10, 43, 32, 148, 76, 64, 58, 83, 67, 4, 68, 112, 12, 47, 21, 109, 104, 102, 44, 50, 94, 141, 80, 87, 49, 53, 8, 92, 116, 90, 3, 138, 95, 130, 84]
           Parcours modifié : [60, 20, 29, 96, 124, 16, 78, 38, 25, 62, 150, 40, 19, 11, 34, 39, 136, 30, 89, 65, 45, 120, 24, 113, 118, 28, 97, 52, 107, 5, 145, 122, 57, 63, 77, 33, 15, 13, 126, 123, 59, 100, 46, 115, 105, 137, 98, 75, 61, 86, 42, 139, 111, 147, 132, 114, 101, 70, 146, 31, 69, 7, 143, 71, 37, 142, 48, 27, 106, 131, 22, 88, 110, 41, 91, 35, 129, 18, 103, 72, 1, 81, 93, 74, 26, 54, 66, 82, 117, 17, 149, 85, 119, 125, 9, 14, 2, 135, 108, 55, 140, 128, 51, 73, 36, 23, 99, 134, 121, 144, 79, 6, 133, 72, 56, 10, 43, 32, 148, 76, 64, 58, 83, 67, 4, 68, 112, 12, 47, 21, 109, 104, 102, 44, 50, 94, 141, 80, 87, 49, 53, 8, 92, 116, 90, 3, 138, 95, 130, 84]
           Coût init 609 - Coût modif 1062
           Variation de coût : 453
           > Coût supérieur obtenu avec ce nouveau parcours -> Solution non améliorante.
           Parcours retourné : [60, 20, 29, 96, 124, 16, 78, 38, 25, 62, 150, 40, 19, 11, 34, 39, 136, 30, 89, 65, 45, 120, 24, 113, 118, 28, 97, 52, 107, 5, 145, 122, 57, 63, 77, 33, 15, 13, 126, 123, 59, 100, 46, 115, 105, 137, 98, 75, 61, 86, 42, 139, 111, 147, 132, 114, 101, 70, 146, 31, 69, 7, 143, 71, 37, 142, 48, 27, 106, 131, 22, 82, 110, 41, 91, 35, 129, 18, 103, 72, 1, 81, 93, 74, 26, 54, 66, 127, 117, 17, 149, 85, 119, 125, 9, 14, 2, 135, 108, 55, 140, 128, 51, 73, 36, 23, 99, 134, 121, 144, 79, 6, 133, 88, 56, 10, 43, 32, 148, 76, 64, 58, 83, 67, 4, 68, 112, 12, 47, 21, 109, 104, 102, 44, 50, 94, 141, 80, 87, 49, 53, 8, 92, 116, 90, 3, 138, 95, 130, 84]
#########################################################################################
#########################################################################################
Δ < 0 trouvé : 
           Δ((i = 127, j = 112);(i' = 72, j' = 82) = -7
           Parcours initial : [60, 20, 29, 96, 124, 16, 78, 38, 25, 62, 150, 40, 19, 11, 34, 39, 136, 30, 89, 65, 45, 120, 24, 113, 118, 28, 97, 52, 107, 5, 145, 122, 57, 63, 77, 33, 15, 13, 126, 123, 59, 100, 46, 115, 105, 137, 98, 75, 61, 86, 42, 139, 111, 147, 132, 114, 101, 70, 146, 31, 69, 7, 143, 71, 37, 142, 48, 27, 106, 131, 22, 82, 110, 41, 91, 35, 129, 18, 103, 72, 1, 81, 93, 74, 26, 54, 66, 127, 117, 17, 149, 85, 119, 125, 9, 14, 2, 135, 108, 55, 140, 128, 51, 73, 36, 23, 99, 134, 121, 144, 79, 6, 133, 88, 56, 10, 43, 32, 148, 76, 64, 58, 83, 67, 4, 68, 112, 12, 47, 21, 109, 104, 102, 44, 50, 94, 141, 80, 87, 49, 53, 8, 92, 116, 90, 3, 138, 95, 130, 84]
           Parcours modifié : [60, 20, 29, 96, 124, 16, 78, 38, 25, 62, 150, 40, 19, 11, 34, 39, 136, 30, 89, 65, 45, 120, 24, 113, 118, 28, 97, 52, 107, 5, 145, 122, 57, 63, 77, 33, 15, 13, 126, 123, 59, 100, 46, 115, 105, 137, 98, 75, 61, 86, 42, 139, 111, 147, 132, 114, 101, 70, 146, 31, 69, 7, 143, 71, 37, 142, 48, 27, 106, 131, 22, 112, 110, 41, 91, 35, 129, 18, 103, 72, 1, 81, 93, 74, 26, 54, 66, 127, 117, 17, 149, 85, 119, 125, 9, 14, 2, 135, 108, 55, 140, 128, 51, 73, 36, 23, 99, 134, 121, 144, 79, 82, 133, 88, 56, 10, 43, 32, 148, 76, 64, 58, 83, 67, 4, 68, 72, 12, 47, 21, 109, 104, 102, 44, 50, 94, 141, 80, 87, 49, 53, 8, 92, 116, 90, 3, 138, 95, 130, 84]
           Coût init 609 - Coût modif 1088
           Variation de coût : 479
           > Coût supérieur obtenu avec ce nouveau parcours -> Solution non améliorante.
           Parcours retourné : [60, 20, 29, 96, 124, 16, 78, 38, 25, 62, 150, 40, 19, 11, 34, 39, 136, 30, 89, 65, 45, 120, 24, 113, 118, 28, 97, 52, 107, 5, 145, 122, 57, 63, 77, 33, 15, 13, 126, 123, 59, 100, 46, 115, 105, 137, 98, 75, 61, 86, 42, 139, 111, 147, 132, 114, 101, 70, 146, 31, 69, 7, 143, 71, 37, 142, 48, 27, 106, 131, 22, 82, 110, 41, 91, 35, 129, 18, 103, 72, 1, 81, 93, 74, 26, 54, 66, 127, 117, 17, 149, 85, 119, 125, 9, 14, 2, 135, 108, 55, 140, 128, 51, 73, 36, 23, 99, 134, 121, 144, 79, 6, 133, 88, 56, 10, 43, 32, 148, 76, 64, 58, 83, 67, 4, 68, 112, 12, 47, 21, 109, 104, 102, 44, 50, 94, 141, 80, 87, 49, 53, 8, 92, 116, 90, 3, 138, 95, 130, 84]
#########################################################################################
#########################################################################################
Δ < 0 trouvé : 
           Δ((i = 127, j = 112);(i' = 82, j' = 81) = -11
           Parcours initial : [60, 20, 29, 96, 124, 16, 78, 38, 25, 62, 150, 40, 19, 11, 34, 39, 136, 30, 89, 65, 45, 120, 24, 113, 118, 28, 97, 52, 107, 5, 145, 122, 57, 63, 77, 33, 15, 13, 126, 123, 59, 100, 46, 115, 105, 137, 98, 75, 61, 86, 42, 139, 111, 147, 132, 114, 101, 70, 146, 31, 69, 7, 143, 71, 37, 142, 48, 27, 106, 131, 22, 82, 110, 41, 91, 35, 129, 18, 103, 72, 1, 81, 93, 74, 26, 54, 66, 127, 117, 17, 149, 85, 119, 125, 9, 14, 2, 135, 108, 55, 140, 128, 51, 73, 36, 23, 99, 134, 121, 144, 79, 6, 133, 88, 56, 10, 43, 32, 148, 76, 64, 58, 83, 67, 4, 68, 112, 12, 47, 21, 109, 104, 102, 44, 50, 94, 141, 80, 87, 49, 53, 8, 92, 116, 90, 3, 138, 95, 130, 84]
           Parcours modifié : [60, 20, 29, 96, 124, 16, 78, 38, 25, 62, 150, 40, 19, 11, 34, 39, 136, 30, 89, 65, 45, 120, 24, 113, 118, 28, 97, 52, 107, 5, 145, 122, 57, 63, 77, 33, 15, 13, 126, 123, 59, 100, 46, 115, 105, 137, 98, 75, 61, 86, 42, 139, 111, 147, 132, 114, 101, 70, 146, 31, 69, 7, 143, 71, 37, 142, 48, 27, 106, 131, 22, 82, 110, 41, 91, 35, 129, 18, 103, 72, 1, 112, 93, 74, 26, 54, 66, 127, 117, 17, 149, 85, 119, 125, 9, 14, 2, 135, 108, 55, 140, 128, 51, 73, 36, 23, 99, 134, 121, 144, 79, 81, 133, 88, 56, 10, 43, 32, 148, 76, 64, 58, 83, 67, 4, 68, 82, 12, 47, 21, 109, 104, 102, 44, 50, 94, 141, 80, 87, 49, 53, 8, 92, 116, 90, 3, 138, 95, 130, 84]
           Coût init 609 - Coût modif 705
           Variation de coût : 96
           > Coût supérieur obtenu avec ce nouveau parcours -> Solution non améliorante.
           Parcours retourné : [60, 20, 29, 96, 124, 16, 78, 38, 25, 62, 150, 40, 19, 11, 34, 39, 136, 30, 89, 65, 45, 120, 24, 113, 118, 28, 97, 52, 107, 5, 145, 122, 57, 63, 77, 33, 15, 13, 126, 123, 59, 100, 46, 115, 105, 137, 98, 75, 61, 86, 42, 139, 111, 147, 132, 114, 101, 70, 146, 31, 69, 7, 143, 71, 37, 142, 48, 27, 106, 131, 22, 82, 110, 41, 91, 35, 129, 18, 103, 72, 1, 81, 93, 74, 26, 54, 66, 127, 117, 17, 149, 85, 119, 125, 9, 14, 2, 135, 108, 55, 140, 128, 51, 73, 36, 23, 99, 134, 121, 144, 79, 6, 133, 88, 56, 10, 43, 32, 148, 76, 64, 58, 83, 67, 4, 68, 112, 12, 47, 21, 109, 104, 102, 44, 50, 94, 141, 80, 87, 49, 53, 8, 92, 116, 90, 3, 138, 95, 130, 84]
#########################################################################################
#########################################################################################
Δ < 0 trouvé : 
           Δ((i = 112, j = 6);(i' = 72, j' = 82) = -6
           Parcours initial : [60, 20, 29, 96, 124, 16, 78, 38, 25, 62, 150, 40, 19, 11, 34, 39, 136, 30, 89, 65, 45, 120, 24, 113, 118, 28, 97, 52, 107, 5, 145, 122, 57, 63, 77, 33, 15, 13, 126, 123, 59, 100, 46, 115, 105, 137, 98, 75, 61, 86, 42, 139, 111, 147, 132, 114, 101, 70, 146, 31, 69, 7, 143, 71, 37, 142, 48, 27, 106, 131, 22, 82, 110, 41, 91, 35, 129, 18, 103, 72, 1, 81, 93, 74, 26, 54, 66, 127, 117, 17, 149, 85, 119, 125, 9, 14, 2, 135, 108, 55, 140, 128, 51, 73, 36, 23, 99, 134, 121, 144, 79, 6, 133, 88, 56, 10, 43, 32, 148, 76, 64, 58, 83, 67, 4, 68, 112, 12, 47, 21, 109, 104, 102, 44, 50, 94, 141, 80, 87, 49, 53, 8, 92, 116, 90, 3, 138, 95, 130, 84]
           Parcours modifié : [60, 20, 29, 96, 124, 82, 78, 38, 25, 62, 150, 40, 19, 11, 34, 39, 136, 30, 89, 65, 45, 120, 24, 113, 118, 28, 97, 52, 107, 5, 145, 122, 57, 63, 77, 33, 15, 13, 126, 123, 59, 100, 46, 115, 105, 137, 98, 75, 61, 86, 42, 139, 111, 147, 132, 114, 101, 70, 146, 31, 69, 7, 143, 71, 37, 142, 48, 27, 106, 131, 22, 6, 110, 41, 91, 35, 129, 18, 103, 72, 1, 81, 93, 74, 26, 54, 66, 127, 117, 17, 149, 85, 119, 125, 9, 14, 2, 135, 108, 55, 140, 128, 51, 73, 36, 23, 99, 134, 121, 144, 79, 72, 133, 88, 56, 10, 43, 32, 148, 76, 64, 58, 83, 67, 4, 68, 112, 12, 47, 21, 109, 104, 102, 44, 50, 94, 141, 80, 87, 49, 53, 8, 92, 116, 90, 3, 138, 95, 130, 84]
           Coût init 609 - Coût modif 1208
           Variation de coût : 599
           > Coût supérieur obtenu avec ce nouveau parcours -> Solution non améliorante.
           Parcours retourné : [60, 20, 29, 96, 124, 16, 78, 38, 25, 62, 150, 40, 19, 11, 34, 39, 136, 30, 89, 65, 45, 120, 24, 113, 118, 28, 97, 52, 107, 5, 145, 122, 57, 63, 77, 33, 15, 13, 126, 123, 59, 100, 46, 115, 105, 137, 98, 75, 61, 86, 42, 139, 111, 147, 132, 114, 101, 70, 146, 31, 69, 7, 143, 71, 37, 142, 48, 27, 106, 131, 22, 82, 110, 41, 91, 35, 129, 18, 103, 72, 1, 81, 93, 74, 26, 54, 66, 127, 117, 17, 149, 85, 119, 125, 9, 14, 2, 135, 108, 55, 140, 128, 51, 73, 36, 23, 99, 134, 121, 144, 79, 6, 133, 88, 56, 10, 43, 32, 148, 76, 64, 58, 83, 67, 4, 68, 112, 12, 47, 21, 109, 104, 102, 44, 50, 94, 141, 80, 87, 49, 53, 8, 92, 116, 90, 3, 138, 95, 130, 84]
#########################################################################################
#########################################################################################
Δ < 0 trouvé : 
           Δ((i = 112, j = 6);(i' = 81, j' = 1) = -23
           Parcours initial : [60, 20, 29, 96, 124, 16, 78, 38, 25, 62, 150, 40, 19, 11, 34, 39, 136, 30, 89, 65, 45, 120, 24, 113, 118, 28, 97, 52, 107, 5, 145, 122, 57, 63, 77, 33, 15, 13, 126, 123, 59, 100, 46, 115, 105, 137, 98, 75, 61, 86, 42, 139, 111, 147, 132, 114, 101, 70, 146, 31, 69, 7, 143, 71, 37, 142, 48, 27, 106, 131, 22, 82, 110, 41, 91, 35, 129, 18, 103, 72, 1, 81, 93, 74, 26, 54, 66, 127, 117, 17, 149, 85, 119, 125, 9, 14, 2, 135, 108, 55, 140, 128, 51, 73, 36, 23, 99, 134, 121, 144, 79, 6, 133, 88, 56, 10, 43, 32, 148, 76, 64, 58, 83, 67, 4, 68, 112, 12, 47, 21, 109, 104, 102, 44, 50, 94, 141, 80, 87, 49, 53, 8, 92, 116, 90, 3, 138, 95, 130, 84]
           Parcours modifié : [60, 20, 29, 96, 124, 1, 78, 38, 25, 62, 150, 40, 19, 11, 34, 39, 136, 30, 89, 65, 45, 120, 24, 113, 118, 28, 97, 52, 107, 5, 145, 122, 57, 63, 77, 33, 15, 13, 126, 123, 59, 100, 46, 115, 105, 137, 98, 75, 61, 86, 42, 139, 111, 147, 132, 114, 101, 70, 146, 31, 69, 7, 143, 71, 37, 142, 48, 27, 106, 131, 22, 82, 110, 41, 91, 35, 129, 18, 103, 72, 6, 81, 93, 74, 26, 54, 66, 127, 117, 17, 149, 85, 119, 125, 9, 14, 2, 135, 108, 55, 140, 128, 51, 73, 36, 23, 99, 134, 121, 144, 79, 81, 133, 88, 56, 10, 43, 32, 148, 76, 64, 58, 83, 67, 4, 68, 112, 12, 47, 21, 109, 104, 102, 44, 50, 94, 141, 80, 87, 49, 53, 8, 92, 116, 90, 3, 138, 95, 130, 84]
           Coût init 609 - Coût modif 537
           Variation de coût : -72
           > Coût inférieur obtenu avec ce nouveau parcours -> Solution améliorante.
           Parcours retourné : [60, 20, 29, 96, 124, 1, 78, 38, 25, 62, 150, 40, 19, 11, 34, 39, 136, 30, 89, 65, 45, 120, 24, 113, 118, 28, 97, 52, 107, 5, 145, 122, 57, 63, 77, 33, 15, 13, 126, 123, 59, 100, 46, 115, 105, 137, 98, 75, 61, 86, 42, 139, 111, 147, 132, 114, 101, 70, 146, 31, 69, 7, 143, 71, 37, 142, 48, 27, 106, 131, 22, 82, 110, 41, 91, 35, 129, 18, 103, 72, 6, 81, 93, 74, 26, 54, 66, 127, 117, 17, 149, 85, 119, 125, 9, 14, 2, 135, 108, 55, 140, 128, 51, 73, 36, 23, 99, 134, 121, 144, 79, 81, 133, 88, 56, 10, 43, 32, 148, 76, 64, 58, 83, 67, 4, 68, 112, 12, 47, 21, 109, 104, 102, 44, 50, 94, 141, 80, 87, 49, 53, 8, 92, 116, 90, 3, 138, 95, 130, 84]
#########################################################################################
Nombre de solutions potentiellement améliorantes détectées : 30
Cout AV = 609
Cout AP = 537
Delta coût : -72
Parcours final : [60, 20, 29, 96, 124, 1, 78, 38, 25, 62, 150, 40, 19, 11, 34, 39, 136, 30, 89, 65, 45, 120, 24, 113, 118, 28, 97, 52, 107, 5, 145, 122, 57, 63, 77, 33, 15, 13, 126, 123, 59, 100, 46, 115, 105, 137, 98, 75, 61, 86, 42, 139, 111, 147, 132, 114, 101, 70, 146, 31, 69, 7, 143, 71, 37, 142, 48, 27, 106, 131, 22, 82, 110, 41, 91, 35, 129, 18, 103, 72, 6, 81, 93, 74, 26, 54, 66, 127, 117, 17, 149, 85, 119, 125, 9, 14, 2, 135, 108, 55, 140, 128, 51, 73, 36, 23, 99, 134, 121, 144, 79, 81, 133, 88, 56, 10, 43, 32, 148, 76, 64, 58, 83, 67, 4, 68, 112, 12, 47, 21, 109, 104, 102, 44, 50, 94, 141, 80, 87, 49, 53, 8, 92, 116, 90, 3, 138, 95, 130, 84]
