Résolution approchée pour plat/plat90.dat points à visiter :
Proches voisins 
P : [1, 89, 5, 58, 28, 31, 46, 59, 22, 42, 53, 64, 70, 45, 61, 72, 27, 25, 12, 4, 29, 52, 2, 79, 68, 39, 65, 47, 24, 38, 32, 8, 44, 43, 15, 81, 67, 55, 76, 6, 88, 13, 50, 16, 63, 18, 62, 51, 26, 60, 75, 69, 10, 33, 30, 37, 23, 49, 34, 57, 20, 73, 66, 21, 19, 40, 82, 54, 84, 48, 3, 87, 9, 11, 17, 36, 90, 78, 41, 86, 14, 80, 77, 83, 85, 74, 56, 71, 7, 35, 1]
Parcours de base :
[89, 79, 87, 29, 58, 88, 35, 44, 11, 33, 17, 4, 50, 80, 81, 63, 36, 62, 40, 73, 19, 42, 49, 38, 12, 60, 25, 31, 52, 37, 46, 8, 30, 57, 1, 90, 23, 32, 65, 82, 86, 53, 15, 43, 61, 59, 24, 3, 34, 16, 26, 2, 64, 84, 76, 71, 20, 28, 22, 75, 72, 51, 18, 70, 47, 21, 55, 39, 10, 45, 7, 27, 66, 56, 69, 6, 83, 41, 68, 77, 67, 54, 85, 48, 74, 14, 9, 13, 5, 78]
Coût de base :
461
##################
#########################################################################################
Δ < 0 trouvé : 
           Δ((i = 89, j = 5);(i' = 56, j' = 71) = -6
           Parcours initial : [89, 79, 87, 29, 58, 88, 35, 44, 11, 33, 17, 4, 50, 80, 81, 63, 36, 62, 40, 73, 19, 42, 49, 38, 12, 60, 25, 31, 52, 37, 46, 8, 30, 57, 1, 90, 23, 32, 65, 82, 86, 53, 15, 43, 61, 59, 24, 3, 34, 16, 26, 2, 64, 84, 76, 71, 20, 28, 22, 75, 72, 51, 18, 70, 47, 21, 55, 39, 10, 45, 7, 27, 66, 56, 69, 6, 83, 41, 68, 77, 67, 54, 85, 48, 74, 14, 9, 13, 5, 78]
           Parcours modifié : [89, 79, 87, 29, 71, 88, 35, 44, 11, 33, 17, 4, 50, 80, 81, 63, 36, 62, 40, 73, 19, 42, 49, 38, 12, 60, 25, 31, 52, 37, 46, 8, 30, 57, 1, 90, 23, 32, 65, 82, 86, 53, 15, 43, 61, 59, 24, 3, 34, 16, 26, 2, 64, 84, 76, 5, 20, 28, 22, 75, 72, 51, 18, 70, 47, 21, 55, 39, 10, 45, 7, 27, 66, 56, 69, 6, 83, 41, 68, 77, 67, 54, 85, 48, 74, 14, 9, 13, 56, 78]
           Coût init 461 - Coût modif 3362
           Variation de coût : 2901
           > Coût supérieur obtenu avec ce nouveau parcours -> Solution non améliorante.
           Parcours retourné : [89, 79, 87, 29, 58, 88, 35, 44, 11, 33, 17, 4, 50, 80, 81, 63, 36, 62, 40, 73, 19, 42, 49, 38, 12, 60, 25, 31, 52, 37, 46, 8, 30, 57, 1, 90, 23, 32, 65, 82, 86, 53, 15, 43, 61, 59, 24, 3, 34, 16, 26, 2, 64, 84, 76, 71, 20, 28, 22, 75, 72, 51, 18, 70, 47, 21, 55, 39, 10, 45, 7, 27, 66, 56, 69, 6, 83, 41, 68, 77, 67, 54, 85, 48, 74, 14, 9, 13, 5, 78]
#########################################################################################
#########################################################################################
Δ < 0 trouvé : 
           Δ((i = 5, j = 58);(i' = 85, j' = 74) = -31
           Parcours initial : [89, 79, 87, 29, 58, 88, 35, 44, 11, 33, 17, 4, 50, 80, 81, 63, 36, 62, 40, 73, 19, 42, 49, 38, 12, 60, 25, 31, 52, 37, 46, 8, 30, 57, 1, 90, 23, 32, 65, 82, 86, 53, 15, 43, 61, 59, 24, 3, 34, 16, 26, 2, 64, 84, 76, 71, 20, 28, 22, 75, 72, 51, 18, 70, 47, 21, 55, 39, 10, 45, 7, 27, 66, 56, 69, 6, 83, 41, 68, 77, 67, 54, 85, 48, 74, 14, 9, 13, 5, 78]
           Parcours modifié : [89, 79, 87, 29, 85, 88, 35, 44, 11, 33, 17, 4, 50, 80, 81, 63, 36, 62, 40, 73, 19, 42, 49, 38, 12, 60, 25, 31, 52, 37, 46, 8, 30, 57, 1, 90, 23, 32, 65, 82, 86, 53, 15, 43, 61, 59, 24, 3, 34, 16, 26, 2, 64, 84, 76, 71, 20, 74, 22, 75, 72, 51, 18, 70, 47, 21, 55, 39, 10, 45, 7, 27, 66, 56, 69, 6, 83, 41, 68, 77, 67, 54, 85, 48, 58, 14, 9, 13, 5, 78]
           Coût init 461 - Coût modif 2466
           Variation de coût : 2005
           > Coût supérieur obtenu avec ce nouveau parcours -> Solution non améliorante.
           Parcours retourné : [89, 79, 87, 29, 58, 88, 35, 44, 11, 33, 17, 4, 50, 80, 81, 63, 36, 62, 40, 73, 19, 42, 49, 38, 12, 60, 25, 31, 52, 37, 46, 8, 30, 57, 1, 90, 23, 32, 65, 82, 86, 53, 15, 43, 61, 59, 24, 3, 34, 16, 26, 2, 64, 84, 76, 71, 20, 28, 22, 75, 72, 51, 18, 70, 47, 21, 55, 39, 10, 45, 7, 27, 66, 56, 69, 6, 83, 41, 68, 77, 67, 54, 85, 48, 74, 14, 9, 13, 5, 78]
#########################################################################################
#########################################################################################
Δ < 0 trouvé : 
           Δ((i = 58, j = 28);(i' = 85, j' = 74) = -24
           Parcours initial : [89, 79, 87, 29, 58, 88, 35, 44, 11, 33, 17, 4, 50, 80, 81, 63, 36, 62, 40, 73, 19, 42, 49, 38, 12, 60, 25, 31, 52, 37, 46, 8, 30, 57, 1, 90, 23, 32, 65, 82, 86, 53, 15, 43, 61, 59, 24, 3, 34, 16, 26, 2, 64, 84, 76, 71, 20, 28, 22, 75, 72, 51, 18, 70, 47, 21, 55, 39, 10, 45, 7, 27, 66, 56, 69, 6, 83, 41, 68, 77, 67, 54, 85, 48, 74, 14, 9, 13, 5, 78]
           Parcours modifié : [89, 79, 87, 29, 58, 88, 35, 44, 11, 33, 17, 4, 50, 80, 81, 63, 36, 62, 40, 73, 19, 42, 49, 38, 12, 60, 25, 74, 52, 37, 46, 8, 30, 57, 1, 90, 23, 32, 65, 82, 86, 53, 15, 43, 61, 59, 24, 3, 34, 16, 26, 2, 64, 84, 76, 71, 20, 85, 22, 75, 72, 51, 18, 70, 47, 21, 55, 39, 10, 45, 7, 27, 66, 56, 69, 6, 83, 41, 68, 77, 67, 54, 85, 48, 28, 14, 9, 13, 5, 78]
           Coût init 461 - Coût modif 2499
           Variation de coût : 2038
           > Coût supérieur obtenu avec ce nouveau parcours -> Solution non améliorante.
           Parcours retourné : [89, 79, 87, 29, 58, 88, 35, 44, 11, 33, 17, 4, 50, 80, 81, 63, 36, 62, 40, 73, 19, 42, 49, 38, 12, 60, 25, 31, 52, 37, 46, 8, 30, 57, 1, 90, 23, 32, 65, 82, 86, 53, 15, 43, 61, 59, 24, 3, 34, 16, 26, 2, 64, 84, 76, 71, 20, 28, 22, 75, 72, 51, 18, 70, 47, 21, 55, 39, 10, 45, 7, 27, 66, 56, 69, 6, 83, 41, 68, 77, 67, 54, 85, 48, 74, 14, 9, 13, 5, 78]
#########################################################################################
#########################################################################################
Δ < 0 trouvé : 
           Δ((i = 58, j = 28);(i' = 35, j' = 1) = -11
           Parcours initial : [89, 79, 87, 29, 58, 88, 35, 44, 11, 33, 17, 4, 50, 80, 81, 63, 36, 62, 40, 73, 19, 42, 49, 38, 12, 60, 25, 31, 52, 37, 46, 8, 30, 57, 1, 90, 23, 32, 65, 82, 86, 53, 15, 43, 61, 59, 24, 3, 34, 16, 26, 2, 64, 84, 76, 71, 20, 28, 22, 75, 72, 51, 18, 70, 47, 21, 55, 39, 10, 45, 7, 27, 66, 56, 69, 6, 83, 41, 68, 77, 67, 54, 85, 48, 74, 14, 9, 13, 5, 78]
           Parcours modifié : [89, 79, 87, 29, 58, 88, 35, 44, 11, 33, 17, 4, 50, 80, 81, 63, 36, 62, 40, 73, 19, 42, 49, 38, 12, 60, 25, 1, 52, 37, 46, 8, 30, 57, 28, 90, 23, 32, 65, 82, 86, 53, 15, 43, 61, 59, 24, 3, 34, 16, 26, 2, 64, 84, 76, 71, 20, 35, 22, 75, 72, 51, 18, 70, 47, 21, 55, 39, 10, 45, 7, 27, 66, 56, 69, 6, 83, 41, 68, 77, 67, 54, 85, 48, 74, 14, 9, 13, 5, 78]
           Coût init 461 - Coût modif 2040
           Variation de coût : 1579
           > Coût supérieur obtenu avec ce nouveau parcours -> Solution non améliorante.
           Parcours retourné : [89, 79, 87, 29, 58, 88, 35, 44, 11, 33, 17, 4, 50, 80, 81, 63, 36, 62, 40, 73, 19, 42, 49, 38, 12, 60, 25, 31, 52, 37, 46, 8, 30, 57, 1, 90, 23, 32, 65, 82, 86, 53, 15, 43, 61, 59, 24, 3, 34, 16, 26, 2, 64, 84, 76, 71, 20, 28, 22, 75, 72, 51, 18, 70, 47, 21, 55, 39, 10, 45, 7, 27, 66, 56, 69, 6, 83, 41, 68, 77, 67, 54, 85, 48, 74, 14, 9, 13, 5, 78]
#########################################################################################
#########################################################################################
Δ < 0 trouvé : 
           Δ((i = 31, j = 46);(i' = 35, j' = 1) = -15
           Parcours initial : [89, 79, 87, 29, 58, 88, 35, 44, 11, 33, 17, 4, 50, 80, 81, 63, 36, 62, 40, 73, 19, 42, 49, 38, 12, 60, 25, 31, 52, 37, 46, 8, 30, 57, 1, 90, 23, 32, 65, 82, 86, 53, 15, 43, 61, 59, 24, 3, 34, 16, 26, 2, 64, 84, 76, 71, 20, 28, 22, 75, 72, 51, 18, 70, 47, 21, 55, 39, 10, 45, 7, 27, 66, 56, 69, 6, 83, 41, 68, 77, 67, 54, 85, 48, 74, 14, 9, 13, 5, 78]
           Parcours modifié : [89, 79, 87, 29, 58, 88, 35, 44, 11, 33, 17, 4, 50, 80, 81, 63, 36, 62, 40, 73, 19, 42, 49, 38, 12, 60, 25, 31, 52, 37, 35, 8, 30, 57, 46, 90, 23, 32, 65, 82, 86, 53, 15, 43, 61, 1, 24, 3, 34, 16, 26, 2, 64, 84, 76, 71, 20, 28, 22, 75, 72, 51, 18, 70, 47, 21, 55, 39, 10, 45, 7, 27, 66, 56, 69, 6, 83, 41, 68, 77, 67, 54, 85, 48, 74, 14, 9, 13, 5, 78]
           Coût init 461 - Coût modif 1587
           Variation de coût : 1126
           > Coût supérieur obtenu avec ce nouveau parcours -> Solution non améliorante.
           Parcours retourné : [89, 79, 87, 29, 58, 88, 35, 44, 11, 33, 17, 4, 50, 80, 81, 63, 36, 62, 40, 73, 19, 42, 49, 38, 12, 60, 25, 31, 52, 37, 46, 8, 30, 57, 1, 90, 23, 32, 65, 82, 86, 53, 15, 43, 61, 59, 24, 3, 34, 16, 26, 2, 64, 84, 76, 71, 20, 28, 22, 75, 72, 51, 18, 70, 47, 21, 55, 39, 10, 45, 7, 27, 66, 56, 69, 6, 83, 41, 68, 77, 67, 54, 85, 48, 74, 14, 9, 13, 5, 78]
#########################################################################################
#########################################################################################
Δ < 0 trouvé : 
           Δ((i = 53, j = 64);(i' = 56, j' = 71) = -7
           Parcours initial : [89, 79, 87, 29, 58, 88, 35, 44, 11, 33, 17, 4, 50, 80, 81, 63, 36, 62, 40, 73, 19, 42, 49, 38, 12, 60, 25, 31, 52, 37, 46, 8, 30, 57, 1, 90, 23, 32, 65, 82, 86, 53, 15, 43, 61, 59, 24, 3, 34, 16, 26, 2, 64, 84, 76, 71, 20, 28, 22, 75, 72, 51, 18, 70, 47, 21, 55, 39, 10, 45, 7, 27, 66, 56, 69, 6, 83, 41, 68, 77, 67, 54, 85, 48, 74, 14, 9, 13, 5, 78]
           Parcours modifié : [89, 79, 87, 29, 58, 88, 35, 44, 11, 33, 17, 4, 50, 80, 81, 63, 36, 62, 40, 73, 19, 42, 49, 38, 12, 60, 25, 31, 52, 37, 46, 8, 30, 57, 1, 90, 23, 32, 65, 82, 86, 53, 15, 43, 61, 59, 24, 3, 34, 16, 26, 2, 56, 84, 76, 64, 20, 28, 22, 75, 72, 51, 18, 71, 47, 21, 55, 39, 10, 45, 7, 27, 66, 56, 69, 6, 83, 41, 68, 77, 67, 54, 85, 48, 74, 14, 9, 13, 5, 78]
           Coût init 461 - Coût modif 1444
           Variation de coût : 983
           > Coût supérieur obtenu avec ce nouveau parcours -> Solution non améliorante.
           Parcours retourné : [89, 79, 87, 29, 58, 88, 35, 44, 11, 33, 17, 4, 50, 80, 81, 63, 36, 62, 40, 73, 19, 42, 49, 38, 12, 60, 25, 31, 52, 37, 46, 8, 30, 57, 1, 90, 23, 32, 65, 82, 86, 53, 15, 43, 61, 59, 24, 3, 34, 16, 26, 2, 64, 84, 76, 71, 20, 28, 22, 75, 72, 51, 18, 70, 47, 21, 55, 39, 10, 45, 7, 27, 66, 56, 69, 6, 83, 41, 68, 77, 67, 54, 85, 48, 74, 14, 9, 13, 5, 78]
#########################################################################################
#########################################################################################
Δ < 0 trouvé : 
           Δ((i = 64, j = 70);(i' = 71, j' = 7) = -3
           Parcours initial : [89, 79, 87, 29, 58, 88, 35, 44, 11, 33, 17, 4, 50, 80, 81, 63, 36, 62, 40, 73, 19, 42, 49, 38, 12, 60, 25, 31, 52, 37, 46, 8, 30, 57, 1, 90, 23, 32, 65, 82, 86, 53, 15, 43, 61, 59, 24, 3, 34, 16, 26, 2, 64, 84, 76, 71, 20, 28, 22, 75, 72, 51, 18, 70, 47, 21, 55, 39, 10, 45, 7, 27, 66, 56, 69, 6, 83, 41, 68, 77, 67, 54, 85, 48, 74, 14, 9, 13, 5, 78]
           Parcours modifié : [89, 79, 87, 29, 58, 88, 35, 44, 11, 33, 17, 4, 50, 80, 81, 63, 36, 62, 40, 73, 19, 42, 49, 38, 12, 60, 25, 31, 52, 37, 46, 8, 30, 57, 1, 90, 23, 32, 65, 82, 86, 53, 15, 43, 61, 59, 24, 3, 34, 16, 26, 2, 64, 84, 76, 71, 20, 28, 22, 75, 72, 51, 18, 71, 47, 21, 55, 39, 10, 7, 70, 27, 66, 56, 69, 6, 83, 41, 68, 77, 67, 54, 85, 48, 74, 14, 9, 13, 5, 78]
           Coût init 461 - Coût modif 744
           Variation de coût : 283
           > Coût supérieur obtenu avec ce nouveau parcours -> Solution non améliorante.
           Parcours retourné : [89, 79, 87, 29, 58, 88, 35, 44, 11, 33, 17, 4, 50, 80, 81, 63, 36, 62, 40, 73, 19, 42, 49, 38, 12, 60, 25, 31, 52, 37, 46, 8, 30, 57, 1, 90, 23, 32, 65, 82, 86, 53, 15, 43, 61, 59, 24, 3, 34, 16, 26, 2, 64, 84, 76, 71, 20, 28, 22, 75, 72, 51, 18, 70, 47, 21, 55, 39, 10, 45, 7, 27, 66, 56, 69, 6, 83, 41, 68, 77, 67, 54, 85, 48, 74, 14, 9, 13, 5, 78]
#########################################################################################
#########################################################################################
Δ < 0 trouvé : 
           Δ((i = 70, j = 45);(i' = 7, j' = 35) = -12
           Parcours initial : [89, 79, 87, 29, 58, 88, 35, 44, 11, 33, 17, 4, 50, 80, 81, 63, 36, 62, 40, 73, 19, 42, 49, 38, 12, 60, 25, 31, 52, 37, 46, 8, 30, 57, 1, 90, 23, 32, 65, 82, 86, 53, 15, 43, 61, 59, 24, 3, 34, 16, 26, 2, 64, 84, 76, 71, 20, 28, 22, 75, 72, 51, 18, 70, 47, 21, 55, 39, 10, 45, 7, 27, 66, 56, 69, 6, 83, 41, 68, 77, 67, 54, 85, 48, 74, 14, 9, 13, 5, 78]
           Parcours modifié : [89, 79, 87, 29, 58, 88, 45, 44, 11, 33, 17, 4, 50, 80, 81, 63, 36, 62, 40, 73, 19, 42, 49, 38, 12, 60, 25, 31, 52, 37, 46, 8, 30, 57, 1, 90, 23, 32, 65, 82, 86, 53, 15, 43, 35, 59, 24, 3, 34, 16, 26, 2, 64, 84, 76, 71, 20, 28, 22, 75, 72, 51, 18, 70, 47, 21, 55, 39, 10, 7, 7, 27, 66, 56, 69, 6, 83, 41, 68, 77, 67, 54, 85, 48, 74, 14, 9, 13, 5, 78]
           Coût init 461 - Coût modif 599
           Variation de coût : 138
           > Coût supérieur obtenu avec ce nouveau parcours -> Solution non améliorante.
           Parcours retourné : [89, 79, 87, 29, 58, 88, 35, 44, 11, 33, 17, 4, 50, 80, 81, 63, 36, 62, 40, 73, 19, 42, 49, 38, 12, 60, 25, 31, 52, 37, 46, 8, 30, 57, 1, 90, 23, 32, 65, 82, 86, 53, 15, 43, 61, 59, 24, 3, 34, 16, 26, 2, 64, 84, 76, 71, 20, 28, 22, 75, 72, 51, 18, 70, 47, 21, 55, 39, 10, 45, 7, 27, 66, 56, 69, 6, 83, 41, 68, 77, 67, 54, 85, 48, 74, 14, 9, 13, 5, 78]
#########################################################################################
#########################################################################################
Δ < 0 trouvé : 
           Δ((i = 45, j = 61);(i' = 85, j' = 74) = -6
           Parcours initial : [89, 79, 87, 29, 58, 88, 35, 44, 11, 33, 17, 4, 50, 80, 81, 63, 36, 62, 40, 73, 19, 42, 49, 38, 12, 60, 25, 31, 52, 37, 46, 8, 30, 57, 1, 90, 23, 32, 65, 82, 86, 53, 15, 43, 61, 59, 24, 3, 34, 16, 26, 2, 64, 84, 76, 71, 20, 28, 22, 75, 72, 51, 18, 70, 47, 21, 55, 39, 10, 45, 7, 27, 66, 56, 69, 6, 83, 41, 68, 77, 67, 54, 85, 48, 74, 14, 9, 13, 5, 78]
           Parcours modifié : [89, 79, 87, 29, 58, 88, 35, 44, 11, 33, 17, 4, 50, 80, 81, 63, 36, 62, 40, 73, 19, 42, 49, 38, 12, 60, 25, 31, 52, 37, 46, 8, 30, 57, 1, 90, 23, 32, 65, 82, 86, 53, 15, 43, 85, 59, 24, 3, 34, 16, 26, 2, 64, 84, 76, 71, 20, 28, 22, 75, 74, 51, 18, 70, 47, 21, 55, 39, 10, 45, 7, 27, 66, 56, 69, 6, 83, 41, 68, 77, 67, 54, 85, 48, 61, 14, 9, 13, 5, 78]
           Coût init 461 - Coût modif 1135
           Variation de coût : 674
           > Coût supérieur obtenu avec ce nouveau parcours -> Solution non améliorante.
           Parcours retourné : [89, 79, 87, 29, 58, 88, 35, 44, 11, 33, 17, 4, 50, 80, 81, 63, 36, 62, 40, 73, 19, 42, 49, 38, 12, 60, 25, 31, 52, 37, 46, 8, 30, 57, 1, 90, 23, 32, 65, 82, 86, 53, 15, 43, 61, 59, 24, 3, 34, 16, 26, 2, 64, 84, 76, 71, 20, 28, 22, 75, 72, 51, 18, 70, 47, 21, 55, 39, 10, 45, 7, 27, 66, 56, 69, 6, 83, 41, 68, 77, 67, 54, 85, 48, 74, 14, 9, 13, 5, 78]
#########################################################################################
#########################################################################################
Δ < 0 trouvé : 
           Δ((i = 61, j = 72);(i' = 85, j' = 74) = -27
           Parcours initial : [89, 79, 87, 29, 58, 88, 35, 44, 11, 33, 17, 4, 50, 80, 81, 63, 36, 62, 40, 73, 19, 42, 49, 38, 12, 60, 25, 31, 52, 37, 46, 8, 30, 57, 1, 90, 23, 32, 65, 82, 86, 53, 15, 43, 61, 59, 24, 3, 34, 16, 26, 2, 64, 84, 76, 71, 20, 28, 22, 75, 72, 51, 18, 70, 47, 21, 55, 39, 10, 45, 7, 27, 66, 56, 69, 6, 83, 41, 68, 77, 67, 54, 85, 48, 74, 14, 9, 13, 5, 78]
           Parcours modifié : [89, 79, 87, 29, 58, 88, 35, 44, 11, 33, 17, 4, 50, 80, 81, 63, 36, 62, 40, 73, 19, 42, 49, 38, 12, 60, 25, 31, 52, 37, 46, 8, 30, 57, 1, 90, 23, 32, 65, 82, 86, 53, 15, 43, 61, 59, 24, 3, 34, 16, 26, 2, 64, 84, 76, 71, 20, 28, 22, 75, 85, 51, 18, 70, 47, 21, 55, 39, 10, 45, 7, 74, 66, 56, 69, 6, 83, 41, 68, 77, 67, 54, 85, 48, 72, 14, 9, 13, 5, 78]
           Coût init 461 - Coût modif 1331
           Variation de coût : 870
           > Coût supérieur obtenu avec ce nouveau parcours -> Solution non améliorante.
           Parcours retourné : [89, 79, 87, 29, 58, 88, 35, 44, 11, 33, 17, 4, 50, 80, 81, 63, 36, 62, 40, 73, 19, 42, 49, 38, 12, 60, 25, 31, 52, 37, 46, 8, 30, 57, 1, 90, 23, 32, 65, 82, 86, 53, 15, 43, 61, 59, 24, 3, 34, 16, 26, 2, 64, 84, 76, 71, 20, 28, 22, 75, 72, 51, 18, 70, 47, 21, 55, 39, 10, 45, 7, 27, 66, 56, 69, 6, 83, 41, 68, 77, 67, 54, 85, 48, 74, 14, 9, 13, 5, 78]
#########################################################################################
#########################################################################################
Δ < 0 trouvé : 
           Δ((i = 72, j = 27);(i' = 56, j' = 71) = -20
           Parcours initial : [89, 79, 87, 29, 58, 88, 35, 44, 11, 33, 17, 4, 50, 80, 81, 63, 36, 62, 40, 73, 19, 42, 49, 38, 12, 60, 25, 31, 52, 37, 46, 8, 30, 57, 1, 90, 23, 32, 65, 82, 86, 53, 15, 43, 61, 59, 24, 3, 34, 16, 26, 2, 64, 84, 76, 71, 20, 28, 22, 75, 72, 51, 18, 70, 47, 21, 55, 39, 10, 45, 7, 27, 66, 56, 69, 6, 83, 41, 68, 77, 67, 54, 85, 48, 74, 14, 9, 13, 5, 78]
           Parcours modifié : [89, 79, 87, 29, 58, 88, 35, 44, 11, 33, 17, 4, 50, 80, 81, 63, 36, 62, 40, 73, 19, 42, 49, 38, 12, 60, 71, 31, 52, 37, 46, 8, 30, 57, 1, 90, 23, 32, 65, 82, 86, 53, 15, 43, 61, 59, 24, 3, 34, 16, 26, 2, 64, 84, 76, 27, 20, 28, 22, 75, 72, 51, 18, 70, 47, 21, 55, 39, 10, 45, 7, 56, 66, 56, 69, 6, 83, 41, 68, 77, 67, 54, 85, 48, 74, 14, 9, 13, 5, 78]
           Coût init 461 - Coût modif 895
           Variation de coût : 434
           > Coût supérieur obtenu avec ce nouveau parcours -> Solution non améliorante.
           Parcours retourné : [89, 79, 87, 29, 58, 88, 35, 44, 11, 33, 17, 4, 50, 80, 81, 63, 36, 62, 40, 73, 19, 42, 49, 38, 12, 60, 25, 31, 52, 37, 46, 8, 30, 57, 1, 90, 23, 32, 65, 82, 86, 53, 15, 43, 61, 59, 24, 3, 34, 16, 26, 2, 64, 84, 76, 71, 20, 28, 22, 75, 72, 51, 18, 70, 47, 21, 55, 39, 10, 45, 7, 27, 66, 56, 69, 6, 83, 41, 68, 77, 67, 54, 85, 48, 74, 14, 9, 13, 5, 78]
#########################################################################################
#########################################################################################
Δ < 0 trouvé : 
           Δ((i = 25, j = 12);(i' = 56, j' = 71) = -10
           Parcours initial : [89, 79, 87, 29, 58, 88, 35, 44, 11, 33, 17, 4, 50, 80, 81, 63, 36, 62, 40, 73, 19, 42, 49, 38, 12, 60, 25, 31, 52, 37, 46, 8, 30, 57, 1, 90, 23, 32, 65, 82, 86, 53, 15, 43, 61, 59, 24, 3, 34, 16, 26, 2, 64, 84, 76, 71, 20, 28, 22, 75, 72, 51, 18, 70, 47, 21, 55, 39, 10, 45, 7, 27, 66, 56, 69, 6, 83, 41, 68, 77, 67, 54, 85, 48, 74, 14, 9, 13, 5, 78]
           Parcours modifié : [89, 79, 87, 29, 58, 88, 35, 44, 11, 33, 17, 71, 50, 80, 81, 63, 36, 62, 40, 73, 19, 42, 49, 38, 56, 60, 25, 31, 52, 37, 46, 8, 30, 57, 1, 90, 23, 32, 65, 82, 86, 53, 15, 43, 61, 59, 24, 3, 34, 16, 26, 2, 64, 84, 76, 12, 20, 28, 22, 75, 72, 51, 18, 70, 47, 21, 55, 39, 10, 45, 7, 27, 66, 56, 69, 6, 83, 41, 68, 77, 67, 54, 85, 48, 74, 14, 9, 13, 5, 78]
           Coût init 461 - Coût modif 1051
           Variation de coût : 590
           > Coût supérieur obtenu avec ce nouveau parcours -> Solution non améliorante.
           Parcours retourné : [89, 79, 87, 29, 58, 88, 35, 44, 11, 33, 17, 4, 50, 80, 81, 63, 36, 62, 40, 73, 19, 42, 49, 38, 12, 60, 25, 31, 52, 37, 46, 8, 30, 57, 1, 90, 23, 32, 65, 82, 86, 53, 15, 43, 61, 59, 24, 3, 34, 16, 26, 2, 64, 84, 76, 71, 20, 28, 22, 75, 72, 51, 18, 70, 47, 21, 55, 39, 10, 45, 7, 27, 66, 56, 69, 6, 83, 41, 68, 77, 67, 54, 85, 48, 74, 14, 9, 13, 5, 78]
#########################################################################################
#########################################################################################
Δ < 0 trouvé : 
           Δ((i = 12, j = 4);(i' = 85, j' = 74) = -22
           Parcours initial : [89, 79, 87, 29, 58, 88, 35, 44, 11, 33, 17, 4, 50, 80, 81, 63, 36, 62, 40, 73, 19, 42, 49, 38, 12, 60, 25, 31, 52, 37, 46, 8, 30, 57, 1, 90, 23, 32, 65, 82, 86, 53, 15, 43, 61, 59, 24, 3, 34, 16, 26, 2, 64, 84, 76, 71, 20, 28, 22, 75, 72, 51, 18, 70, 47, 21, 55, 39, 10, 45, 7, 27, 66, 56, 69, 6, 83, 41, 68, 77, 67, 54, 85, 48, 74, 14, 9, 13, 5, 78]
           Parcours modifié : [89, 79, 87, 74, 58, 88, 35, 44, 11, 33, 17, 85, 50, 80, 81, 63, 36, 62, 40, 73, 19, 42, 49, 38, 12, 60, 25, 31, 52, 37, 46, 8, 30, 57, 1, 90, 23, 32, 65, 82, 86, 53, 15, 43, 61, 59, 24, 3, 34, 16, 26, 2, 64, 84, 76, 71, 20, 28, 22, 75, 72, 51, 18, 70, 47, 21, 55, 39, 10, 45, 7, 27, 66, 56, 69, 6, 83, 41, 68, 77, 67, 54, 85, 48, 4, 14, 9, 13, 5, 78]
           Coût init 461 - Coût modif 878
           Variation de coût : 417
           > Coût supérieur obtenu avec ce nouveau parcours -> Solution non améliorante.
           Parcours retourné : [89, 79, 87, 29, 58, 88, 35, 44, 11, 33, 17, 4, 50, 80, 81, 63, 36, 62, 40, 73, 19, 42, 49, 38, 12, 60, 25, 31, 52, 37, 46, 8, 30, 57, 1, 90, 23, 32, 65, 82, 86, 53, 15, 43, 61, 59, 24, 3, 34, 16, 26, 2, 64, 84, 76, 71, 20, 28, 22, 75, 72, 51, 18, 70, 47, 21, 55, 39, 10, 45, 7, 27, 66, 56, 69, 6, 83, 41, 68, 77, 67, 54, 85, 48, 74, 14, 9, 13, 5, 78]
#########################################################################################
#########################################################################################
Δ < 0 trouvé : 
           Δ((i = 12, j = 4);(i' = 35, j' = 1) = -5
           Parcours initial : [89, 79, 87, 29, 58, 88, 35, 44, 11, 33, 17, 4, 50, 80, 81, 63, 36, 62, 40, 73, 19, 42, 49, 38, 12, 60, 25, 31, 52, 37, 46, 8, 30, 57, 1, 90, 23, 32, 65, 82, 86, 53, 15, 43, 61, 59, 24, 3, 34, 16, 26, 2, 64, 84, 76, 71, 20, 28, 22, 75, 72, 51, 18, 70, 47, 21, 55, 39, 10, 45, 7, 27, 66, 56, 69, 6, 83, 41, 68, 77, 67, 54, 85, 48, 74, 14, 9, 13, 5, 78]
           Parcours modifié : [89, 79, 87, 1, 58, 88, 35, 44, 11, 33, 17, 35, 50, 80, 81, 63, 36, 62, 40, 73, 19, 42, 49, 38, 12, 60, 25, 31, 52, 37, 46, 8, 30, 57, 4, 90, 23, 32, 65, 82, 86, 53, 15, 43, 61, 59, 24, 3, 34, 16, 26, 2, 64, 84, 76, 71, 20, 28, 22, 75, 72, 51, 18, 70, 47, 21, 55, 39, 10, 45, 7, 27, 66, 56, 69, 6, 83, 41, 68, 77, 67, 54, 85, 48, 74, 14, 9, 13, 5, 78]
           Coût init 461 - Coût modif 391
           Variation de coût : -70
           > Coût inférieur obtenu avec ce nouveau parcours -> Solution améliorante.
           Parcours retourné : [89, 79, 87, 1, 58, 88, 35, 44, 11, 33, 17, 35, 50, 80, 81, 63, 36, 62, 40, 73, 19, 42, 49, 38, 12, 60, 25, 31, 52, 37, 46, 8, 30, 57, 4, 90, 23, 32, 65, 82, 86, 53, 15, 43, 61, 59, 24, 3, 34, 16, 26, 2, 64, 84, 76, 71, 20, 28, 22, 75, 72, 51, 18, 70, 47, 21, 55, 39, 10, 45, 7, 27, 66, 56, 69, 6, 83, 41, 68, 77, 67, 54, 85, 48, 74, 14, 9, 13, 5, 78]
#########################################################################################
Nombre de solutions potentiellement améliorantes détectées : 14
Cout AV = 461
Cout AP = 391
Delta coût : -70
Parcours final : [89, 79, 87, 1, 58, 88, 35, 44, 11, 33, 17, 35, 50, 80, 81, 63, 36, 62, 40, 73, 19, 42, 49, 38, 12, 60, 25, 31, 52, 37, 46, 8, 30, 57, 4, 90, 23, 32, 65, 82, 86, 53, 15, 43, 61, 59, 24, 3, 34, 16, 26, 2, 64, 84, 76, 71, 20, 28, 22, 75, 72, 51, 18, 70, 47, 21, 55, 39, 10, 45, 7, 27, 66, 56, 69, 6, 83, 41, 68, 77, 67, 54, 85, 48, 74, 14, 9, 13, 5, 78]
