Résolution approchée pour plat/plat110.dat points à visiter :
Proches voisins 
P : [1, 99, 68, 101, 63, 40, 18, 74, 44, 36, 90, 52, 60, 95, 12, 54, 14, 9, 55, 15, 37, 47, 11, 61, 65, 48, 13, 8, 66, 56, 100, 43, 6, 41, 3, 94, 7, 104, 82, 96, 70, 46, 45, 62, 85, 78, 19, 30, 51, 32, 64, 105, 84, 42, 17, 98, 57, 77, 2, 28, 29, 92, 38, 97, 22, 4, 20, 53, 31, 86, 103, 33, 81, 24, 73, 10, 89, 16, 75, 21, 5, 79, 106, 35, 93, 80, 107, 39, 108, 72, 76, 69, 83, 71, 87, 25, 50, 110, 109, 27, 67, 58, 59, 23, 34, 102, 91, 49, 26, 88, 1]
Parcours de base :
[99, 28, 94, 20, 79, 41, 104, 66, 55, 89, 61, 54, 8, 9, 37, 75, 98, 74, 30, 53, 5, 4, 34, 73, 50, 88, 67, 29, 92, 51, 86, 64, 81, 102, 93, 90, 47, 97, 108, 18, 3, 17, 6, 36, 62, 45, 11, 13, 26, 110, 32, 60, 31, 14, 15, 100, 77, 59, 23, 95, 65, 85, 40, 105, 48, 56, 58, 101, 83, 46, 87, 76, 10, 44, 21, 69, 2, 19, 106, 107, 24, 96, 71, 42, 78, 103, 25, 1, 16, 52, 49, 38, 80, 7, 12, 70, 22, 57, 68, 43, 63, 91, 33, 82, 84, 35, 39, 72, 27, 109]
Coût de base :
462
##################
#########################################################################################
Δ < 0 trouvé : 
           Δ((i = 1, j = 99);(i' = 102, j' = 91) = -11
           Parcours initial : [99, 28, 94, 20, 79, 41, 104, 66, 55, 89, 61, 54, 8, 9, 37, 75, 98, 74, 30, 53, 5, 4, 34, 73, 50, 88, 67, 29, 92, 51, 86, 64, 81, 102, 93, 90, 47, 97, 108, 18, 3, 17, 6, 36, 62, 45, 11, 13, 26, 110, 32, 60, 31, 14, 15, 100, 77, 59, 23, 95, 65, 85, 40, 105, 48, 56, 58, 101, 83, 46, 87, 76, 10, 44, 21, 69, 2, 19, 106, 107, 24, 96, 71, 42, 78, 103, 25, 1, 16, 52, 49, 38, 80, 7, 12, 70, 22, 57, 68, 43, 63, 91, 33, 82, 84, 35, 39, 72, 27, 109]
           Parcours modifié : [102, 28, 94, 20, 79, 41, 104, 66, 55, 89, 61, 54, 8, 9, 37, 75, 98, 74, 30, 53, 5, 4, 34, 73, 50, 88, 67, 29, 92, 51, 86, 64, 81, 102, 93, 90, 47, 97, 108, 18, 3, 17, 6, 36, 62, 45, 11, 13, 26, 110, 32, 60, 31, 14, 15, 100, 77, 59, 23, 95, 65, 85, 40, 105, 48, 56, 58, 101, 83, 46, 87, 76, 10, 44, 21, 69, 2, 19, 106, 107, 24, 96, 71, 42, 78, 103, 25, 1, 16, 52, 49, 38, 80, 7, 12, 70, 22, 57, 91, 43, 63, 99, 33, 82, 84, 35, 39, 72, 27, 109]
           Coût init 462 - Coût modif 4992
           Variation de coût : 4530
           > Coût supérieur obtenu avec ce nouveau parcours -> Solution non améliorante.
           Parcours retourné : [99, 28, 94, 20, 79, 41, 104, 66, 55, 89, 61, 54, 8, 9, 37, 75, 98, 74, 30, 53, 5, 4, 34, 73, 50, 88, 67, 29, 92, 51, 86, 64, 81, 102, 93, 90, 47, 97, 108, 18, 3, 17, 6, 36, 62, 45, 11, 13, 26, 110, 32, 60, 31, 14, 15, 100, 77, 59, 23, 95, 65, 85, 40, 105, 48, 56, 58, 101, 83, 46, 87, 76, 10, 44, 21, 69, 2, 19, 106, 107, 24, 96, 71, 42, 78, 103, 25, 1, 16, 52, 49, 38, 80, 7, 12, 70, 22, 57, 68, 43, 63, 91, 33, 82, 84, 35, 39, 72, 27, 109]
#########################################################################################
#########################################################################################
Δ < 0 trouvé : 
           Δ((i = 1, j = 99);(i' = 49, j' = 26) = -3
           Parcours initial : [99, 28, 94, 20, 79, 41, 104, 66, 55, 89, 61, 54, 8, 9, 37, 75, 98, 74, 30, 53, 5, 4, 34, 73, 50, 88, 67, 29, 92, 51, 86, 64, 81, 102, 93, 90, 47, 97, 108, 18, 3, 17, 6, 36, 62, 45, 11, 13, 26, 110, 32, 60, 31, 14, 15, 100, 77, 59, 23, 95, 65, 85, 40, 105, 48, 56, 58, 101, 83, 46, 87, 76, 10, 44, 21, 69, 2, 19, 106, 107, 24, 96, 71, 42, 78, 103, 25, 1, 16, 52, 49, 38, 80, 7, 12, 70, 22, 57, 68, 43, 63, 91, 33, 82, 84, 35, 39, 72, 27, 109]
           Parcours modifié : [49, 28, 94, 20, 79, 41, 104, 66, 55, 89, 61, 54, 8, 9, 37, 75, 98, 74, 30, 53, 5, 4, 34, 73, 50, 88, 67, 29, 92, 51, 86, 64, 81, 102, 93, 90, 47, 97, 108, 18, 3, 17, 6, 36, 62, 45, 11, 13, 99, 110, 32, 60, 31, 14, 15, 100, 77, 59, 23, 95, 65, 85, 40, 105, 48, 56, 58, 101, 83, 46, 87, 76, 10, 44, 21, 69, 2, 19, 106, 107, 24, 96, 71, 42, 78, 103, 25, 1, 16, 52, 49, 38, 80, 7, 12, 70, 22, 57, 26, 43, 63, 91, 33, 82, 84, 35, 39, 72, 27, 109]
           Coût init 462 - Coût modif 5786
           Variation de coût : 5324
           > Coût supérieur obtenu avec ce nouveau parcours -> Solution non améliorante.
           Parcours retourné : [99, 28, 94, 20, 79, 41, 104, 66, 55, 89, 61, 54, 8, 9, 37, 75, 98, 74, 30, 53, 5, 4, 34, 73, 50, 88, 67, 29, 92, 51, 86, 64, 81, 102, 93, 90, 47, 97, 108, 18, 3, 17, 6, 36, 62, 45, 11, 13, 26, 110, 32, 60, 31, 14, 15, 100, 77, 59, 23, 95, 65, 85, 40, 105, 48, 56, 58, 101, 83, 46, 87, 76, 10, 44, 21, 69, 2, 19, 106, 107, 24, 96, 71, 42, 78, 103, 25, 1, 16, 52, 49, 38, 80, 7, 12, 70, 22, 57, 68, 43, 63, 91, 33, 82, 84, 35, 39, 72, 27, 109]
#########################################################################################
#########################################################################################
Δ < 0 trouvé : 
           Δ((i = 68, j = 101);(i' = 49, j' = 26) = -24
           Parcours initial : [99, 28, 94, 20, 79, 41, 104, 66, 55, 89, 61, 54, 8, 9, 37, 75, 98, 74, 30, 53, 5, 4, 34, 73, 50, 88, 67, 29, 92, 51, 86, 64, 81, 102, 93, 90, 47, 97, 108, 18, 3, 17, 6, 36, 62, 45, 11, 13, 26, 110, 32, 60, 31, 14, 15, 100, 77, 59, 23, 95, 65, 85, 40, 105, 48, 56, 58, 101, 83, 46, 87, 76, 10, 44, 21, 69, 2, 19, 106, 107, 24, 96, 71, 42, 78, 103, 25, 1, 16, 52, 49, 38, 80, 7, 12, 70, 22, 57, 68, 43, 63, 91, 33, 82, 84, 35, 39, 72, 27, 109]
           Parcours modifié : [99, 28, 94, 20, 79, 41, 104, 66, 55, 89, 61, 54, 8, 9, 37, 75, 98, 74, 30, 53, 5, 4, 34, 73, 50, 88, 67, 29, 92, 51, 86, 64, 81, 102, 93, 90, 47, 97, 108, 18, 3, 17, 6, 36, 62, 45, 11, 13, 101, 110, 32, 60, 31, 14, 15, 100, 77, 59, 23, 95, 65, 85, 40, 105, 48, 56, 58, 49, 83, 46, 87, 76, 10, 44, 21, 69, 2, 19, 106, 107, 24, 96, 71, 42, 78, 103, 25, 1, 16, 52, 49, 38, 80, 7, 12, 70, 22, 57, 68, 43, 26, 91, 33, 82, 84, 35, 39, 72, 27, 109]
           Coût init 462 - Coût modif 2896
           Variation de coût : 2434
           > Coût supérieur obtenu avec ce nouveau parcours -> Solution non améliorante.
           Parcours retourné : [99, 28, 94, 20, 79, 41, 104, 66, 55, 89, 61, 54, 8, 9, 37, 75, 98, 74, 30, 53, 5, 4, 34, 73, 50, 88, 67, 29, 92, 51, 86, 64, 81, 102, 93, 90, 47, 97, 108, 18, 3, 17, 6, 36, 62, 45, 11, 13, 26, 110, 32, 60, 31, 14, 15, 100, 77, 59, 23, 95, 65, 85, 40, 105, 48, 56, 58, 101, 83, 46, 87, 76, 10, 44, 21, 69, 2, 19, 106, 107, 24, 96, 71, 42, 78, 103, 25, 1, 16, 52, 49, 38, 80, 7, 12, 70, 22, 57, 68, 43, 63, 91, 33, 82, 84, 35, 39, 72, 27, 109]
#########################################################################################
#########################################################################################
Δ < 0 trouvé : 
           Δ((i = 101, j = 63);(i' = 71, j' = 87) = -2
           Parcours initial : [99, 28, 94, 20, 79, 41, 104, 66, 55, 89, 61, 54, 8, 9, 37, 75, 98, 74, 30, 53, 5, 4, 34, 73, 50, 88, 67, 29, 92, 51, 86, 64, 81, 102, 93, 90, 47, 97, 108, 18, 3, 17, 6, 36, 62, 45, 11, 13, 26, 110, 32, 60, 31, 14, 15, 100, 77, 59, 23, 95, 65, 85, 40, 105, 48, 56, 58, 101, 83, 46, 87, 76, 10, 44, 21, 69, 2, 19, 106, 107, 24, 96, 71, 42, 78, 103, 25, 1, 16, 52, 49, 38, 80, 7, 12, 70, 22, 57, 68, 43, 63, 91, 33, 82, 84, 35, 39, 72, 27, 109]
           Parcours modifié : [99, 28, 94, 20, 79, 41, 104, 66, 55, 89, 61, 54, 8, 9, 37, 75, 98, 74, 30, 53, 5, 4, 34, 73, 50, 88, 67, 29, 92, 51, 86, 64, 81, 102, 93, 90, 47, 97, 108, 18, 3, 17, 6, 36, 62, 45, 11, 13, 26, 110, 32, 60, 31, 14, 15, 100, 77, 59, 23, 95, 65, 85, 87, 105, 48, 56, 58, 101, 83, 46, 63, 76, 10, 44, 21, 69, 2, 19, 106, 107, 24, 96, 71, 42, 78, 103, 25, 1, 16, 52, 49, 38, 80, 7, 12, 70, 22, 57, 68, 43, 71, 91, 33, 82, 84, 35, 39, 72, 27, 109]
           Coût init 462 - Coût modif 2000
           Variation de coût : 1538
           > Coût supérieur obtenu avec ce nouveau parcours -> Solution non améliorante.
           Parcours retourné : [99, 28, 94, 20, 79, 41, 104, 66, 55, 89, 61, 54, 8, 9, 37, 75, 98, 74, 30, 53, 5, 4, 34, 73, 50, 88, 67, 29, 92, 51, 86, 64, 81, 102, 93, 90, 47, 97, 108, 18, 3, 17, 6, 36, 62, 45, 11, 13, 26, 110, 32, 60, 31, 14, 15, 100, 77, 59, 23, 95, 65, 85, 40, 105, 48, 56, 58, 101, 83, 46, 87, 76, 10, 44, 21, 69, 2, 19, 106, 107, 24, 96, 71, 42, 78, 103, 25, 1, 16, 52, 49, 38, 80, 7, 12, 70, 22, 57, 68, 43, 63, 91, 33, 82, 84, 35, 39, 72, 27, 109]
#########################################################################################
#########################################################################################
Δ < 0 trouvé : 
           Δ((i = 101, j = 63);(i' = 27, j' = 67) = -6
           Parcours initial : [99, 28, 94, 20, 79, 41, 104, 66, 55, 89, 61, 54, 8, 9, 37, 75, 98, 74, 30, 53, 5, 4, 34, 73, 50, 88, 67, 29, 92, 51, 86, 64, 81, 102, 93, 90, 47, 97, 108, 18, 3, 17, 6, 36, 62, 45, 11, 13, 26, 110, 32, 60, 31, 14, 15, 100, 77, 59, 23, 95, 65, 85, 40, 105, 48, 56, 58, 101, 83, 46, 87, 76, 10, 44, 21, 69, 2, 19, 106, 107, 24, 96, 71, 42, 78, 103, 25, 1, 16, 52, 49, 38, 80, 7, 12, 70, 22, 57, 68, 43, 63, 91, 33, 82, 84, 35, 39, 72, 27, 109]
           Parcours modifié : [99, 28, 94, 20, 79, 41, 104, 66, 55, 89, 61, 54, 8, 9, 37, 75, 98, 74, 30, 53, 5, 4, 34, 73, 50, 88, 63, 29, 92, 51, 86, 64, 81, 102, 93, 90, 47, 97, 108, 18, 3, 17, 6, 36, 62, 45, 11, 13, 26, 110, 32, 60, 31, 14, 15, 100, 77, 59, 23, 95, 65, 85, 67, 105, 48, 56, 58, 101, 83, 46, 87, 76, 10, 44, 21, 69, 2, 19, 106, 107, 24, 96, 71, 42, 78, 103, 25, 1, 16, 52, 49, 38, 80, 7, 12, 70, 22, 57, 68, 43, 27, 91, 33, 82, 84, 35, 39, 72, 27, 109]
           Coût init 462 - Coût modif 2084
           Variation de coût : 1622
           > Coût supérieur obtenu avec ce nouveau parcours -> Solution non améliorante.
           Parcours retourné : [99, 28, 94, 20, 79, 41, 104, 66, 55, 89, 61, 54, 8, 9, 37, 75, 98, 74, 30, 53, 5, 4, 34, 73, 50, 88, 67, 29, 92, 51, 86, 64, 81, 102, 93, 90, 47, 97, 108, 18, 3, 17, 6, 36, 62, 45, 11, 13, 26, 110, 32, 60, 31, 14, 15, 100, 77, 59, 23, 95, 65, 85, 40, 105, 48, 56, 58, 101, 83, 46, 87, 76, 10, 44, 21, 69, 2, 19, 106, 107, 24, 96, 71, 42, 78, 103, 25, 1, 16, 52, 49, 38, 80, 7, 12, 70, 22, 57, 68, 43, 63, 91, 33, 82, 84, 35, 39, 72, 27, 109]
#########################################################################################
#########################################################################################
Δ < 0 trouvé : 
           Δ((i = 63, j = 40);(i' = 49, j' = 26) = -25
           Parcours initial : [99, 28, 94, 20, 79, 41, 104, 66, 55, 89, 61, 54, 8, 9, 37, 75, 98, 74, 30, 53, 5, 4, 34, 73, 50, 88, 67, 29, 92, 51, 86, 64, 81, 102, 93, 90, 47, 97, 108, 18, 3, 17, 6, 36, 62, 45, 11, 13, 26, 110, 32, 60, 31, 14, 15, 100, 77, 59, 23, 95, 65, 85, 40, 105, 48, 56, 58, 101, 83, 46, 87, 76, 10, 44, 21, 69, 2, 19, 106, 107, 24, 96, 71, 42, 78, 103, 25, 1, 16, 52, 49, 38, 80, 7, 12, 70, 22, 57, 68, 43, 63, 91, 33, 82, 84, 35, 39, 72, 27, 109]
           Parcours modifié : [99, 28, 94, 20, 79, 41, 104, 66, 55, 89, 61, 54, 8, 9, 37, 75, 98, 74, 30, 53, 5, 4, 34, 73, 50, 88, 67, 29, 92, 51, 86, 64, 81, 102, 93, 90, 47, 97, 108, 26, 3, 17, 6, 36, 62, 45, 11, 13, 40, 110, 32, 60, 31, 14, 15, 100, 77, 59, 23, 95, 65, 85, 49, 105, 48, 56, 58, 101, 83, 46, 87, 76, 10, 44, 21, 69, 2, 19, 106, 107, 24, 96, 71, 42, 78, 103, 25, 1, 16, 52, 49, 38, 80, 7, 12, 70, 22, 57, 68, 43, 63, 91, 33, 82, 84, 35, 39, 72, 27, 109]
           Coût init 462 - Coût modif 2904
           Variation de coût : 2442
           > Coût supérieur obtenu avec ce nouveau parcours -> Solution non améliorante.
           Parcours retourné : [99, 28, 94, 20, 79, 41, 104, 66, 55, 89, 61, 54, 8, 9, 37, 75, 98, 74, 30, 53, 5, 4, 34, 73, 50, 88, 67, 29, 92, 51, 86, 64, 81, 102, 93, 90, 47, 97, 108, 18, 3, 17, 6, 36, 62, 45, 11, 13, 26, 110, 32, 60, 31, 14, 15, 100, 77, 59, 23, 95, 65, 85, 40, 105, 48, 56, 58, 101, 83, 46, 87, 76, 10, 44, 21, 69, 2, 19, 106, 107, 24, 96, 71, 42, 78, 103, 25, 1, 16, 52, 49, 38, 80, 7, 12, 70, 22, 57, 68, 43, 63, 91, 33, 82, 84, 35, 39, 72, 27, 109]
#########################################################################################
#########################################################################################
Δ < 0 trouvé : 
           Δ((i = 40, j = 18);(i' = 26, j' = 88) = -23
           Parcours initial : [99, 28, 94, 20, 79, 41, 104, 66, 55, 89, 61, 54, 8, 9, 37, 75, 98, 74, 30, 53, 5, 4, 34, 73, 50, 88, 67, 29, 92, 51, 86, 64, 81, 102, 93, 90, 47, 97, 108, 18, 3, 17, 6, 36, 62, 45, 11, 13, 26, 110, 32, 60, 31, 14, 15, 100, 77, 59, 23, 95, 65, 85, 40, 105, 48, 56, 58, 101, 83, 46, 87, 76, 10, 44, 21, 69, 2, 19, 106, 107, 24, 96, 71, 42, 78, 103, 25, 1, 16, 52, 49, 38, 80, 7, 12, 70, 22, 57, 68, 43, 63, 91, 33, 82, 84, 35, 39, 72, 27, 109]
           Parcours modifié : [99, 28, 94, 20, 79, 41, 104, 66, 55, 89, 61, 54, 8, 9, 37, 75, 98, 88, 30, 53, 5, 4, 34, 73, 50, 18, 67, 29, 92, 51, 86, 64, 81, 102, 93, 90, 47, 97, 108, 26, 3, 17, 6, 36, 62, 45, 11, 13, 26, 110, 32, 60, 31, 14, 15, 100, 77, 59, 23, 95, 65, 85, 40, 105, 48, 56, 58, 101, 83, 46, 87, 76, 10, 44, 21, 69, 2, 19, 106, 107, 24, 96, 71, 42, 78, 103, 25, 1, 16, 52, 49, 38, 80, 7, 12, 70, 22, 57, 68, 43, 63, 91, 33, 82, 84, 35, 39, 72, 27, 109]
           Coût init 462 - Coût modif 1464
           Variation de coût : 1002
           > Coût supérieur obtenu avec ce nouveau parcours -> Solution non améliorante.
           Parcours retourné : [99, 28, 94, 20, 79, 41, 104, 66, 55, 89, 61, 54, 8, 9, 37, 75, 98, 74, 30, 53, 5, 4, 34, 73, 50, 88, 67, 29, 92, 51, 86, 64, 81, 102, 93, 90, 47, 97, 108, 18, 3, 17, 6, 36, 62, 45, 11, 13, 26, 110, 32, 60, 31, 14, 15, 100, 77, 59, 23, 95, 65, 85, 40, 105, 48, 56, 58, 101, 83, 46, 87, 76, 10, 44, 21, 69, 2, 19, 106, 107, 24, 96, 71, 42, 78, 103, 25, 1, 16, 52, 49, 38, 80, 7, 12, 70, 22, 57, 68, 43, 63, 91, 33, 82, 84, 35, 39, 72, 27, 109]
#########################################################################################
#########################################################################################
Δ < 0 trouvé : 
           Δ((i = 40, j = 18);(i' = 88, j' = 1) = -41
           Parcours initial : [99, 28, 94, 20, 79, 41, 104, 66, 55, 89, 61, 54, 8, 9, 37, 75, 98, 74, 30, 53, 5, 4, 34, 73, 50, 88, 67, 29, 92, 51, 86, 64, 81, 102, 93, 90, 47, 97, 108, 18, 3, 17, 6, 36, 62, 45, 11, 13, 26, 110, 32, 60, 31, 14, 15, 100, 77, 59, 23, 95, 65, 85, 40, 105, 48, 56, 58, 101, 83, 46, 87, 76, 10, 44, 21, 69, 2, 19, 106, 107, 24, 96, 71, 42, 78, 103, 25, 1, 16, 52, 49, 38, 80, 7, 12, 70, 22, 57, 68, 43, 63, 91, 33, 82, 84, 35, 39, 72, 27, 109]
           Parcours modifié : [99, 28, 94, 20, 79, 41, 104, 66, 55, 89, 61, 54, 8, 9, 37, 75, 98, 1, 30, 53, 5, 4, 34, 73, 50, 88, 67, 29, 92, 51, 86, 64, 81, 102, 93, 90, 47, 97, 108, 88, 3, 17, 6, 36, 62, 45, 11, 13, 26, 110, 32, 60, 31, 14, 15, 100, 77, 59, 23, 95, 65, 85, 40, 105, 48, 56, 58, 101, 83, 46, 87, 76, 10, 44, 21, 69, 2, 19, 106, 107, 24, 96, 71, 42, 78, 103, 25, 18, 16, 52, 49, 38, 80, 7, 12, 70, 22, 57, 68, 43, 63, 91, 33, 82, 84, 35, 39, 72, 27, 109]
           Coût init 462 - Coût modif 826
           Variation de coût : 364
           > Coût supérieur obtenu avec ce nouveau parcours -> Solution non améliorante.
           Parcours retourné : [99, 28, 94, 20, 79, 41, 104, 66, 55, 89, 61, 54, 8, 9, 37, 75, 98, 74, 30, 53, 5, 4, 34, 73, 50, 88, 67, 29, 92, 51, 86, 64, 81, 102, 93, 90, 47, 97, 108, 18, 3, 17, 6, 36, 62, 45, 11, 13, 26, 110, 32, 60, 31, 14, 15, 100, 77, 59, 23, 95, 65, 85, 40, 105, 48, 56, 58, 101, 83, 46, 87, 76, 10, 44, 21, 69, 2, 19, 106, 107, 24, 96, 71, 42, 78, 103, 25, 1, 16, 52, 49, 38, 80, 7, 12, 70, 22, 57, 68, 43, 63, 91, 33, 82, 84, 35, 39, 72, 27, 109]
#########################################################################################
#########################################################################################
Δ < 0 trouvé : 
           Δ((i = 18, j = 74);(i' = 49, j' = 26) = -27
           Parcours initial : [99, 28, 94, 20, 79, 41, 104, 66, 55, 89, 61, 54, 8, 9, 37, 75, 98, 74, 30, 53, 5, 4, 34, 73, 50, 88, 67, 29, 92, 51, 86, 64, 81, 102, 93, 90, 47, 97, 108, 18, 3, 17, 6, 36, 62, 45, 11, 13, 26, 110, 32, 60, 31, 14, 15, 100, 77, 59, 23, 95, 65, 85, 40, 105, 48, 56, 58, 101, 83, 46, 87, 76, 10, 44, 21, 69, 2, 19, 106, 107, 24, 96, 71, 42, 78, 103, 25, 1, 16, 52, 49, 38, 80, 7, 12, 70, 22, 57, 68, 43, 63, 91, 33, 82, 84, 35, 39, 72, 27, 109]
           Parcours modifié : [99, 28, 94, 20, 79, 41, 104, 66, 55, 89, 61, 54, 8, 9, 37, 75, 98, 49, 30, 53, 5, 4, 34, 73, 50, 88, 67, 29, 92, 51, 86, 64, 81, 102, 93, 90, 47, 97, 108, 18, 3, 17, 6, 36, 62, 45, 11, 13, 74, 110, 32, 60, 31, 14, 15, 100, 77, 59, 23, 95, 65, 85, 40, 105, 48, 56, 58, 101, 83, 46, 87, 76, 10, 26, 21, 69, 2, 19, 106, 107, 24, 96, 71, 42, 78, 103, 25, 1, 16, 52, 49, 38, 80, 7, 12, 70, 22, 57, 68, 43, 63, 91, 33, 82, 84, 35, 39, 72, 27, 109]
           Coût init 462 - Coût modif 2170
           Variation de coût : 1708
           > Coût supérieur obtenu avec ce nouveau parcours -> Solution non améliorante.
           Parcours retourné : [99, 28, 94, 20, 79, 41, 104, 66, 55, 89, 61, 54, 8, 9, 37, 75, 98, 74, 30, 53, 5, 4, 34, 73, 50, 88, 67, 29, 92, 51, 86, 64, 81, 102, 93, 90, 47, 97, 108, 18, 3, 17, 6, 36, 62, 45, 11, 13, 26, 110, 32, 60, 31, 14, 15, 100, 77, 59, 23, 95, 65, 85, 40, 105, 48, 56, 58, 101, 83, 46, 87, 76, 10, 44, 21, 69, 2, 19, 106, 107, 24, 96, 71, 42, 78, 103, 25, 1, 16, 52, 49, 38, 80, 7, 12, 70, 22, 57, 68, 43, 63, 91, 33, 82, 84, 35, 39, 72, 27, 109]
#########################################################################################
#########################################################################################
Δ < 0 trouvé : 
           Δ((i = 18, j = 74);(i' = 26, j' = 88) = -2
           Parcours initial : [99, 28, 94, 20, 79, 41, 104, 66, 55, 89, 61, 54, 8, 9, 37, 75, 98, 74, 30, 53, 5, 4, 34, 73, 50, 88, 67, 29, 92, 51, 86, 64, 81, 102, 93, 90, 47, 97, 108, 18, 3, 17, 6, 36, 62, 45, 11, 13, 26, 110, 32, 60, 31, 14, 15, 100, 77, 59, 23, 95, 65, 85, 40, 105, 48, 56, 58, 101, 83, 46, 87, 76, 10, 44, 21, 69, 2, 19, 106, 107, 24, 96, 71, 42, 78, 103, 25, 1, 16, 52, 49, 38, 80, 7, 12, 70, 22, 57, 68, 43, 63, 91, 33, 82, 84, 35, 39, 72, 27, 109]
           Parcours modifié : [99, 28, 94, 20, 79, 41, 104, 66, 55, 89, 61, 54, 8, 9, 37, 75, 98, 26, 30, 53, 5, 4, 34, 73, 50, 74, 67, 29, 92, 51, 86, 64, 81, 102, 93, 90, 47, 97, 108, 18, 3, 17, 6, 36, 62, 45, 11, 13, 26, 110, 32, 60, 31, 14, 15, 100, 77, 59, 23, 95, 65, 85, 40, 105, 48, 56, 58, 101, 83, 46, 87, 76, 10, 88, 21, 69, 2, 19, 106, 107, 24, 96, 71, 42, 78, 103, 25, 1, 16, 52, 49, 38, 80, 7, 12, 70, 22, 57, 68, 43, 63, 91, 33, 82, 84, 35, 39, 72, 27, 109]
           Coût init 462 - Coût modif 1628
           Variation de coût : 1166
           > Coût supérieur obtenu avec ce nouveau parcours -> Solution non améliorante.
           Parcours retourné : [99, 28, 94, 20, 79, 41, 104, 66, 55, 89, 61, 54, 8, 9, 37, 75, 98, 74, 30, 53, 5, 4, 34, 73, 50, 88, 67, 29, 92, 51, 86, 64, 81, 102, 93, 90, 47, 97, 108, 18, 3, 17, 6, 36, 62, 45, 11, 13, 26, 110, 32, 60, 31, 14, 15, 100, 77, 59, 23, 95, 65, 85, 40, 105, 48, 56, 58, 101, 83, 46, 87, 76, 10, 44, 21, 69, 2, 19, 106, 107, 24, 96, 71, 42, 78, 103, 25, 1, 16, 52, 49, 38, 80, 7, 12, 70, 22, 57, 68, 43, 63, 91, 33, 82, 84, 35, 39, 72, 27, 109]
#########################################################################################
#########################################################################################
Δ < 0 trouvé : 
           Δ((i = 74, j = 44);(i' = 26, j' = 88) = -23
           Parcours initial : [99, 28, 94, 20, 79, 41, 104, 66, 55, 89, 61, 54, 8, 9, 37, 75, 98, 74, 30, 53, 5, 4, 34, 73, 50, 88, 67, 29, 92, 51, 86, 64, 81, 102, 93, 90, 47, 97, 108, 18, 3, 17, 6, 36, 62, 45, 11, 13, 26, 110, 32, 60, 31, 14, 15, 100, 77, 59, 23, 95, 65, 85, 40, 105, 48, 56, 58, 101, 83, 46, 87, 76, 10, 44, 21, 69, 2, 19, 106, 107, 24, 96, 71, 42, 78, 103, 25, 1, 16, 52, 49, 38, 80, 7, 12, 70, 22, 57, 68, 43, 63, 91, 33, 82, 84, 35, 39, 72, 27, 109]
           Parcours modifié : [99, 28, 94, 20, 79, 41, 104, 66, 55, 89, 61, 54, 8, 9, 37, 75, 98, 74, 30, 53, 5, 4, 34, 73, 50, 44, 67, 29, 92, 51, 86, 64, 81, 102, 93, 90, 47, 97, 108, 18, 3, 17, 6, 88, 62, 45, 11, 13, 26, 110, 32, 60, 31, 14, 15, 100, 77, 59, 23, 95, 65, 85, 40, 105, 48, 56, 58, 101, 83, 46, 87, 76, 10, 26, 21, 69, 2, 19, 106, 107, 24, 96, 71, 42, 78, 103, 25, 1, 16, 52, 49, 38, 80, 7, 12, 70, 22, 57, 68, 43, 63, 91, 33, 82, 84, 35, 39, 72, 27, 109]
           Coût init 462 - Coût modif 1300
           Variation de coût : 838
           > Coût supérieur obtenu avec ce nouveau parcours -> Solution non améliorante.
           Parcours retourné : [99, 28, 94, 20, 79, 41, 104, 66, 55, 89, 61, 54, 8, 9, 37, 75, 98, 74, 30, 53, 5, 4, 34, 73, 50, 88, 67, 29, 92, 51, 86, 64, 81, 102, 93, 90, 47, 97, 108, 18, 3, 17, 6, 36, 62, 45, 11, 13, 26, 110, 32, 60, 31, 14, 15, 100, 77, 59, 23, 95, 65, 85, 40, 105, 48, 56, 58, 101, 83, 46, 87, 76, 10, 44, 21, 69, 2, 19, 106, 107, 24, 96, 71, 42, 78, 103, 25, 1, 16, 52, 49, 38, 80, 7, 12, 70, 22, 57, 68, 43, 63, 91, 33, 82, 84, 35, 39, 72, 27, 109]
#########################################################################################
#########################################################################################
Δ < 0 trouvé : 
           Δ((i = 44, j = 36);(i' = 88, j' = 1) = -21
           Parcours initial : [99, 28, 94, 20, 79, 41, 104, 66, 55, 89, 61, 54, 8, 9, 37, 75, 98, 74, 30, 53, 5, 4, 34, 73, 50, 88, 67, 29, 92, 51, 86, 64, 81, 102, 93, 90, 47, 97, 108, 18, 3, 17, 6, 36, 62, 45, 11, 13, 26, 110, 32, 60, 31, 14, 15, 100, 77, 59, 23, 95, 65, 85, 40, 105, 48, 56, 58, 101, 83, 46, 87, 76, 10, 44, 21, 69, 2, 19, 106, 107, 24, 96, 71, 42, 78, 103, 25, 1, 16, 52, 49, 38, 80, 7, 12, 70, 22, 57, 68, 43, 63, 91, 33, 82, 84, 35, 39, 72, 27, 109]
           Parcours modifié : [99, 28, 94, 20, 79, 41, 104, 66, 55, 89, 61, 54, 8, 9, 37, 75, 98, 74, 30, 53, 5, 4, 34, 73, 50, 88, 67, 29, 92, 51, 86, 64, 81, 102, 93, 1, 47, 97, 108, 18, 3, 17, 6, 88, 62, 45, 11, 13, 26, 110, 32, 60, 31, 14, 15, 100, 77, 59, 23, 95, 65, 85, 40, 105, 48, 56, 58, 101, 83, 46, 87, 76, 10, 44, 21, 69, 2, 19, 106, 107, 24, 96, 71, 42, 78, 103, 25, 36, 16, 52, 49, 38, 80, 7, 12, 70, 22, 57, 68, 43, 63, 91, 33, 82, 84, 35, 39, 72, 27, 109]
           Coût init 462 - Coût modif 960
           Variation de coût : 498
           > Coût supérieur obtenu avec ce nouveau parcours -> Solution non améliorante.
           Parcours retourné : [99, 28, 94, 20, 79, 41, 104, 66, 55, 89, 61, 54, 8, 9, 37, 75, 98, 74, 30, 53, 5, 4, 34, 73, 50, 88, 67, 29, 92, 51, 86, 64, 81, 102, 93, 90, 47, 97, 108, 18, 3, 17, 6, 36, 62, 45, 11, 13, 26, 110, 32, 60, 31, 14, 15, 100, 77, 59, 23, 95, 65, 85, 40, 105, 48, 56, 58, 101, 83, 46, 87, 76, 10, 44, 21, 69, 2, 19, 106, 107, 24, 96, 71, 42, 78, 103, 25, 1, 16, 52, 49, 38, 80, 7, 12, 70, 22, 57, 68, 43, 63, 91, 33, 82, 84, 35, 39, 72, 27, 109]
#########################################################################################
#########################################################################################
Δ < 0 trouvé : 
           Δ((i = 90, j = 52);(i' = 88, j' = 1) = -24
           Parcours initial : [99, 28, 94, 20, 79, 41, 104, 66, 55, 89, 61, 54, 8, 9, 37, 75, 98, 74, 30, 53, 5, 4, 34, 73, 50, 88, 67, 29, 92, 51, 86, 64, 81, 102, 93, 90, 47, 97, 108, 18, 3, 17, 6, 36, 62, 45, 11, 13, 26, 110, 32, 60, 31, 14, 15, 100, 77, 59, 23, 95, 65, 85, 40, 105, 48, 56, 58, 101, 83, 46, 87, 76, 10, 44, 21, 69, 2, 19, 106, 107, 24, 96, 71, 42, 78, 103, 25, 1, 16, 52, 49, 38, 80, 7, 12, 70, 22, 57, 68, 43, 63, 91, 33, 82, 84, 35, 39, 72, 27, 109]
           Parcours modifié : [99, 28, 94, 20, 79, 41, 104, 66, 55, 89, 61, 54, 8, 9, 37, 75, 98, 74, 30, 53, 5, 4, 34, 73, 50, 88, 67, 29, 92, 51, 86, 64, 81, 102, 93, 90, 47, 97, 108, 18, 3, 17, 6, 36, 62, 45, 11, 13, 26, 110, 32, 1, 31, 14, 15, 100, 77, 59, 23, 95, 65, 85, 40, 105, 48, 56, 58, 101, 83, 46, 87, 76, 10, 44, 21, 69, 2, 19, 106, 107, 24, 96, 71, 42, 78, 103, 25, 52, 16, 88, 49, 38, 80, 7, 12, 70, 22, 57, 68, 43, 63, 91, 33, 82, 84, 35, 39, 72, 27, 109]
           Coût init 462 - Coût modif 1131
           Variation de coût : 669
           > Coût supérieur obtenu avec ce nouveau parcours -> Solution non améliorante.
           Parcours retourné : [99, 28, 94, 20, 79, 41, 104, 66, 55, 89, 61, 54, 8, 9, 37, 75, 98, 74, 30, 53, 5, 4, 34, 73, 50, 88, 67, 29, 92, 51, 86, 64, 81, 102, 93, 90, 47, 97, 108, 18, 3, 17, 6, 36, 62, 45, 11, 13, 26, 110, 32, 60, 31, 14, 15, 100, 77, 59, 23, 95, 65, 85, 40, 105, 48, 56, 58, 101, 83, 46, 87, 76, 10, 44, 21, 69, 2, 19, 106, 107, 24, 96, 71, 42, 78, 103, 25, 1, 16, 52, 49, 38, 80, 7, 12, 70, 22, 57, 68, 43, 63, 91, 33, 82, 84, 35, 39, 72, 27, 109]
#########################################################################################
#########################################################################################
Δ < 0 trouvé : 
           Δ((i = 52, j = 60);(i' = 58, j' = 59) = -4
           Parcours initial : [99, 28, 94, 20, 79, 41, 104, 66, 55, 89, 61, 54, 8, 9, 37, 75, 98, 74, 30, 53, 5, 4, 34, 73, 50, 88, 67, 29, 92, 51, 86, 64, 81, 102, 93, 90, 47, 97, 108, 18, 3, 17, 6, 36, 62, 45, 11, 13, 26, 110, 32, 60, 31, 14, 15, 100, 77, 59, 23, 95, 65, 85, 40, 105, 48, 56, 58, 101, 83, 46, 87, 76, 10, 44, 21, 69, 2, 19, 106, 107, 24, 96, 71, 42, 78, 103, 25, 1, 16, 52, 49, 38, 80, 7, 12, 70, 22, 57, 68, 43, 63, 91, 33, 82, 84, 35, 39, 72, 27, 109]
           Parcours modifié : [99, 28, 94, 20, 79, 41, 104, 66, 55, 89, 61, 54, 8, 9, 37, 75, 98, 74, 30, 53, 5, 4, 34, 73, 50, 88, 67, 29, 92, 51, 86, 64, 81, 102, 93, 90, 47, 97, 108, 18, 3, 17, 6, 36, 62, 45, 11, 13, 26, 110, 32, 58, 31, 14, 15, 100, 77, 60, 23, 59, 65, 85, 40, 105, 48, 56, 58, 101, 83, 46, 87, 76, 10, 44, 21, 69, 2, 19, 106, 107, 24, 96, 71, 42, 78, 103, 25, 1, 16, 52, 49, 38, 80, 7, 12, 70, 22, 57, 68, 43, 63, 91, 33, 82, 84, 35, 39, 72, 27, 109]
           Coût init 462 - Coût modif 1475
           Variation de coût : 1013
           > Coût supérieur obtenu avec ce nouveau parcours -> Solution non améliorante.
           Parcours retourné : [99, 28, 94, 20, 79, 41, 104, 66, 55, 89, 61, 54, 8, 9, 37, 75, 98, 74, 30, 53, 5, 4, 34, 73, 50, 88, 67, 29, 92, 51, 86, 64, 81, 102, 93, 90, 47, 97, 108, 18, 3, 17, 6, 36, 62, 45, 11, 13, 26, 110, 32, 60, 31, 14, 15, 100, 77, 59, 23, 95, 65, 85, 40, 105, 48, 56, 58, 101, 83, 46, 87, 76, 10, 44, 21, 69, 2, 19, 106, 107, 24, 96, 71, 42, 78, 103, 25, 1, 16, 52, 49, 38, 80, 7, 12, 70, 22, 57, 68, 43, 63, 91, 33, 82, 84, 35, 39, 72, 27, 109]
#########################################################################################
#########################################################################################
Δ < 0 trouvé : 
           Δ((i = 60, j = 95);(i' = 58, j' = 59) = -5
           Parcours initial : [99, 28, 94, 20, 79, 41, 104, 66, 55, 89, 61, 54, 8, 9, 37, 75, 98, 74, 30, 53, 5, 4, 34, 73, 50, 88, 67, 29, 92, 51, 86, 64, 81, 102, 93, 90, 47, 97, 108, 18, 3, 17, 6, 36, 62, 45, 11, 13, 26, 110, 32, 60, 31, 14, 15, 100, 77, 59, 23, 95, 65, 85, 40, 105, 48, 56, 58, 101, 83, 46, 87, 76, 10, 44, 21, 69, 2, 19, 106, 107, 24, 96, 71, 42, 78, 103, 25, 1, 16, 52, 49, 38, 80, 7, 12, 70, 22, 57, 68, 43, 63, 91, 33, 82, 84, 35, 39, 72, 27, 109]
           Parcours modifié : [99, 28, 94, 20, 79, 41, 104, 66, 55, 89, 61, 54, 8, 9, 37, 75, 98, 74, 30, 53, 5, 4, 34, 73, 50, 88, 67, 29, 92, 51, 86, 64, 81, 102, 93, 90, 47, 97, 108, 18, 3, 17, 6, 36, 62, 45, 11, 13, 26, 110, 32, 60, 31, 14, 15, 100, 77, 95, 23, 58, 65, 85, 40, 105, 48, 56, 58, 101, 83, 46, 87, 76, 10, 44, 21, 69, 2, 19, 106, 107, 24, 96, 71, 42, 78, 103, 25, 1, 16, 52, 49, 38, 80, 7, 59, 70, 22, 57, 68, 43, 63, 91, 33, 82, 84, 35, 39, 72, 27, 109]
           Coût init 462 - Coût modif 1401
           Variation de coût : 939
           > Coût supérieur obtenu avec ce nouveau parcours -> Solution non améliorante.
           Parcours retourné : [99, 28, 94, 20, 79, 41, 104, 66, 55, 89, 61, 54, 8, 9, 37, 75, 98, 74, 30, 53, 5, 4, 34, 73, 50, 88, 67, 29, 92, 51, 86, 64, 81, 102, 93, 90, 47, 97, 108, 18, 3, 17, 6, 36, 62, 45, 11, 13, 26, 110, 32, 60, 31, 14, 15, 100, 77, 59, 23, 95, 65, 85, 40, 105, 48, 56, 58, 101, 83, 46, 87, 76, 10, 44, 21, 69, 2, 19, 106, 107, 24, 96, 71, 42, 78, 103, 25, 1, 16, 52, 49, 38, 80, 7, 12, 70, 22, 57, 68, 43, 63, 91, 33, 82, 84, 35, 39, 72, 27, 109]
#########################################################################################
#########################################################################################
Δ < 0 trouvé : 
           Δ((i = 14, j = 9);(i' = 88, j' = 1) = -22
           Parcours initial : [99, 28, 94, 20, 79, 41, 104, 66, 55, 89, 61, 54, 8, 9, 37, 75, 98, 74, 30, 53, 5, 4, 34, 73, 50, 88, 67, 29, 92, 51, 86, 64, 81, 102, 93, 90, 47, 97, 108, 18, 3, 17, 6, 36, 62, 45, 11, 13, 26, 110, 32, 60, 31, 14, 15, 100, 77, 59, 23, 95, 65, 85, 40, 105, 48, 56, 58, 101, 83, 46, 87, 76, 10, 44, 21, 69, 2, 19, 106, 107, 24, 96, 71, 42, 78, 103, 25, 1, 16, 52, 49, 38, 80, 7, 12, 70, 22, 57, 68, 43, 63, 91, 33, 82, 84, 35, 39, 72, 27, 109]
           Parcours modifié : [99, 28, 94, 20, 79, 41, 104, 66, 1, 89, 61, 54, 8, 88, 37, 75, 98, 74, 30, 53, 5, 4, 34, 73, 50, 88, 67, 29, 92, 51, 86, 64, 81, 102, 93, 90, 47, 97, 108, 18, 3, 17, 6, 36, 62, 45, 11, 13, 26, 110, 32, 60, 31, 14, 15, 100, 77, 59, 23, 95, 65, 85, 40, 105, 48, 56, 58, 101, 83, 46, 87, 76, 10, 44, 21, 69, 2, 19, 106, 107, 24, 96, 71, 42, 78, 103, 25, 9, 16, 52, 49, 38, 80, 7, 12, 70, 22, 57, 68, 43, 63, 91, 33, 82, 84, 35, 39, 72, 27, 109]
           Coût init 462 - Coût modif 622
           Variation de coût : 160
           > Coût supérieur obtenu avec ce nouveau parcours -> Solution non améliorante.
           Parcours retourné : [99, 28, 94, 20, 79, 41, 104, 66, 55, 89, 61, 54, 8, 9, 37, 75, 98, 74, 30, 53, 5, 4, 34, 73, 50, 88, 67, 29, 92, 51, 86, 64, 81, 102, 93, 90, 47, 97, 108, 18, 3, 17, 6, 36, 62, 45, 11, 13, 26, 110, 32, 60, 31, 14, 15, 100, 77, 59, 23, 95, 65, 85, 40, 105, 48, 56, 58, 101, 83, 46, 87, 76, 10, 44, 21, 69, 2, 19, 106, 107, 24, 96, 71, 42, 78, 103, 25, 1, 16, 52, 49, 38, 80, 7, 12, 70, 22, 57, 68, 43, 63, 91, 33, 82, 84, 35, 39, 72, 27, 109]
#########################################################################################
#########################################################################################
Δ < 0 trouvé : 
           Δ((i = 15, j = 37);(i' = 102, j' = 91) = -4
           Parcours initial : [99, 28, 94, 20, 79, 41, 104, 66, 55, 89, 61, 54, 8, 9, 37, 75, 98, 74, 30, 53, 5, 4, 34, 73, 50, 88, 67, 29, 92, 51, 86, 64, 81, 102, 93, 90, 47, 97, 108, 18, 3, 17, 6, 36, 62, 45, 11, 13, 26, 110, 32, 60, 31, 14, 15, 100, 77, 59, 23, 95, 65, 85, 40, 105, 48, 56, 58, 101, 83, 46, 87, 76, 10, 44, 21, 69, 2, 19, 106, 107, 24, 96, 71, 42, 78, 103, 25, 1, 16, 52, 49, 38, 80, 7, 12, 70, 22, 57, 68, 43, 63, 91, 33, 82, 84, 35, 39, 72, 27, 109]
           Parcours modifié : [99, 28, 94, 20, 79, 41, 104, 66, 55, 89, 61, 54, 8, 9, 102, 75, 98, 74, 30, 53, 5, 4, 34, 73, 50, 88, 67, 29, 92, 51, 86, 64, 81, 102, 93, 90, 91, 97, 108, 18, 3, 17, 6, 36, 62, 45, 11, 13, 26, 110, 32, 60, 31, 14, 15, 100, 77, 59, 23, 95, 65, 85, 40, 105, 48, 56, 58, 101, 83, 46, 87, 76, 10, 44, 21, 69, 2, 19, 106, 107, 24, 96, 71, 42, 78, 103, 25, 1, 16, 52, 49, 38, 80, 7, 12, 70, 22, 57, 68, 43, 63, 37, 33, 82, 84, 35, 39, 72, 27, 109]
           Coût init 462 - Coût modif 1103
           Variation de coût : 641
           > Coût supérieur obtenu avec ce nouveau parcours -> Solution non améliorante.
           Parcours retourné : [99, 28, 94, 20, 79, 41, 104, 66, 55, 89, 61, 54, 8, 9, 37, 75, 98, 74, 30, 53, 5, 4, 34, 73, 50, 88, 67, 29, 92, 51, 86, 64, 81, 102, 93, 90, 47, 97, 108, 18, 3, 17, 6, 36, 62, 45, 11, 13, 26, 110, 32, 60, 31, 14, 15, 100, 77, 59, 23, 95, 65, 85, 40, 105, 48, 56, 58, 101, 83, 46, 87, 76, 10, 44, 21, 69, 2, 19, 106, 107, 24, 96, 71, 42, 78, 103, 25, 1, 16, 52, 49, 38, 80, 7, 12, 70, 22, 57, 68, 43, 63, 91, 33, 82, 84, 35, 39, 72, 27, 109]
#########################################################################################
#########################################################################################
Δ < 0 trouvé : 
           Δ((i = 15, j = 37);(i' = 91, j' = 49) = -3
           Parcours initial : [99, 28, 94, 20, 79, 41, 104, 66, 55, 89, 61, 54, 8, 9, 37, 75, 98, 74, 30, 53, 5, 4, 34, 73, 50, 88, 67, 29, 92, 51, 86, 64, 81, 102, 93, 90, 47, 97, 108, 18, 3, 17, 6, 36, 62, 45, 11, 13, 26, 110, 32, 60, 31, 14, 15, 100, 77, 59, 23, 95, 65, 85, 40, 105, 48, 56, 58, 101, 83, 46, 87, 76, 10, 44, 21, 69, 2, 19, 106, 107, 24, 96, 71, 42, 78, 103, 25, 1, 16, 52, 49, 38, 80, 7, 12, 70, 22, 57, 68, 43, 63, 91, 33, 82, 84, 35, 39, 72, 27, 109]
           Parcours modifié : [99, 28, 94, 20, 79, 41, 104, 66, 55, 89, 61, 54, 8, 9, 91, 75, 98, 74, 30, 53, 5, 4, 34, 73, 50, 88, 67, 29, 92, 51, 86, 64, 81, 102, 93, 90, 49, 97, 108, 18, 3, 17, 6, 36, 62, 45, 11, 13, 26, 110, 32, 60, 31, 14, 15, 100, 77, 59, 23, 95, 65, 85, 40, 105, 48, 56, 58, 101, 83, 46, 87, 76, 10, 44, 21, 69, 2, 19, 106, 107, 24, 96, 71, 42, 78, 103, 25, 1, 16, 52, 37, 38, 80, 7, 12, 70, 22, 57, 68, 43, 63, 91, 33, 82, 84, 35, 39, 72, 27, 109]
           Coût init 462 - Coût modif 893
           Variation de coût : 431
           > Coût supérieur obtenu avec ce nouveau parcours -> Solution non améliorante.
           Parcours retourné : [99, 28, 94, 20, 79, 41, 104, 66, 55, 89, 61, 54, 8, 9, 37, 75, 98, 74, 30, 53, 5, 4, 34, 73, 50, 88, 67, 29, 92, 51, 86, 64, 81, 102, 93, 90, 47, 97, 108, 18, 3, 17, 6, 36, 62, 45, 11, 13, 26, 110, 32, 60, 31, 14, 15, 100, 77, 59, 23, 95, 65, 85, 40, 105, 48, 56, 58, 101, 83, 46, 87, 76, 10, 44, 21, 69, 2, 19, 106, 107, 24, 96, 71, 42, 78, 103, 25, 1, 16, 52, 49, 38, 80, 7, 12, 70, 22, 57, 68, 43, 63, 91, 33, 82, 84, 35, 39, 72, 27, 109]
#########################################################################################
#########################################################################################
Δ < 0 trouvé : 
           Δ((i = 37, j = 47);(i' = 102, j' = 91) = -25
           Parcours initial : [99, 28, 94, 20, 79, 41, 104, 66, 55, 89, 61, 54, 8, 9, 37, 75, 98, 74, 30, 53, 5, 4, 34, 73, 50, 88, 67, 29, 92, 51, 86, 64, 81, 102, 93, 90, 47, 97, 108, 18, 3, 17, 6, 36, 62, 45, 11, 13, 26, 110, 32, 60, 31, 14, 15, 100, 77, 59, 23, 95, 65, 85, 40, 105, 48, 56, 58, 101, 83, 46, 87, 76, 10, 44, 21, 69, 2, 19, 106, 107, 24, 96, 71, 42, 78, 103, 25, 1, 16, 52, 49, 38, 80, 7, 12, 70, 22, 57, 68, 43, 63, 91, 33, 82, 84, 35, 39, 72, 27, 109]
           Parcours modifié : [99, 28, 94, 20, 79, 41, 104, 66, 55, 89, 61, 54, 8, 9, 37, 75, 98, 74, 30, 53, 5, 4, 34, 73, 50, 88, 67, 29, 92, 51, 86, 64, 81, 102, 93, 90, 102, 97, 108, 18, 3, 17, 6, 36, 62, 45, 91, 13, 26, 110, 32, 60, 31, 14, 15, 100, 77, 59, 23, 95, 65, 85, 40, 105, 48, 56, 58, 101, 83, 46, 87, 76, 10, 44, 21, 69, 2, 19, 106, 107, 24, 96, 71, 42, 78, 103, 25, 1, 16, 52, 49, 38, 80, 7, 12, 70, 22, 57, 68, 43, 63, 47, 33, 82, 84, 35, 39, 72, 27, 109]
           Coût init 462 - Coût modif 1124
           Variation de coût : 662
           > Coût supérieur obtenu avec ce nouveau parcours -> Solution non améliorante.
           Parcours retourné : [99, 28, 94, 20, 79, 41, 104, 66, 55, 89, 61, 54, 8, 9, 37, 75, 98, 74, 30, 53, 5, 4, 34, 73, 50, 88, 67, 29, 92, 51, 86, 64, 81, 102, 93, 90, 47, 97, 108, 18, 3, 17, 6, 36, 62, 45, 11, 13, 26, 110, 32, 60, 31, 14, 15, 100, 77, 59, 23, 95, 65, 85, 40, 105, 48, 56, 58, 101, 83, 46, 87, 76, 10, 44, 21, 69, 2, 19, 106, 107, 24, 96, 71, 42, 78, 103, 25, 1, 16, 52, 49, 38, 80, 7, 12, 70, 22, 57, 68, 43, 63, 91, 33, 82, 84, 35, 39, 72, 27, 109]
#########################################################################################
#########################################################################################
Δ < 0 trouvé : 
           Δ((i = 37, j = 47);(i' = 49, j' = 26) = -24
           Parcours initial : [99, 28, 94, 20, 79, 41, 104, 66, 55, 89, 61, 54, 8, 9, 37, 75, 98, 74, 30, 53, 5, 4, 34, 73, 50, 88, 67, 29, 92, 51, 86, 64, 81, 102, 93, 90, 47, 97, 108, 18, 3, 17, 6, 36, 62, 45, 11, 13, 26, 110, 32, 60, 31, 14, 15, 100, 77, 59, 23, 95, 65, 85, 40, 105, 48, 56, 58, 101, 83, 46, 87, 76, 10, 44, 21, 69, 2, 19, 106, 107, 24, 96, 71, 42, 78, 103, 25, 1, 16, 52, 49, 38, 80, 7, 12, 70, 22, 57, 68, 43, 63, 91, 33, 82, 84, 35, 39, 72, 27, 109]
           Parcours modifié : [99, 28, 94, 20, 79, 41, 104, 66, 55, 89, 61, 54, 8, 9, 37, 75, 98, 74, 30, 53, 5, 4, 34, 73, 50, 88, 67, 29, 92, 51, 86, 64, 81, 102, 93, 90, 49, 97, 108, 18, 3, 17, 6, 36, 62, 45, 26, 13, 47, 110, 32, 60, 31, 14, 15, 100, 77, 59, 23, 95, 65, 85, 40, 105, 48, 56, 58, 101, 83, 46, 87, 76, 10, 44, 21, 69, 2, 19, 106, 107, 24, 96, 71, 42, 78, 103, 25, 1, 16, 52, 49, 38, 80, 7, 12, 70, 22, 57, 68, 43, 63, 91, 33, 82, 84, 35, 39, 72, 27, 109]
           Coût init 462 - Coût modif 905
           Variation de coût : 443
           > Coût supérieur obtenu avec ce nouveau parcours -> Solution non améliorante.
           Parcours retourné : [99, 28, 94, 20, 79, 41, 104, 66, 55, 89, 61, 54, 8, 9, 37, 75, 98, 74, 30, 53, 5, 4, 34, 73, 50, 88, 67, 29, 92, 51, 86, 64, 81, 102, 93, 90, 47, 97, 108, 18, 3, 17, 6, 36, 62, 45, 11, 13, 26, 110, 32, 60, 31, 14, 15, 100, 77, 59, 23, 95, 65, 85, 40, 105, 48, 56, 58, 101, 83, 46, 87, 76, 10, 44, 21, 69, 2, 19, 106, 107, 24, 96, 71, 42, 78, 103, 25, 1, 16, 52, 49, 38, 80, 7, 12, 70, 22, 57, 68, 43, 63, 91, 33, 82, 84, 35, 39, 72, 27, 109]
#########################################################################################
#########################################################################################
Δ < 0 trouvé : 
           Δ((i = 37, j = 47);(i' = 88, j' = 1) = -17
           Parcours initial : [99, 28, 94, 20, 79, 41, 104, 66, 55, 89, 61, 54, 8, 9, 37, 75, 98, 74, 30, 53, 5, 4, 34, 73, 50, 88, 67, 29, 92, 51, 86, 64, 81, 102, 93, 90, 47, 97, 108, 18, 3, 17, 6, 36, 62, 45, 11, 13, 26, 110, 32, 60, 31, 14, 15, 100, 77, 59, 23, 95, 65, 85, 40, 105, 48, 56, 58, 101, 83, 46, 87, 76, 10, 44, 21, 69, 2, 19, 106, 107, 24, 96, 71, 42, 78, 103, 25, 1, 16, 52, 49, 38, 80, 7, 12, 70, 22, 57, 68, 43, 63, 91, 33, 82, 84, 35, 39, 72, 27, 109]
           Parcours modifié : [99, 28, 94, 20, 79, 41, 104, 66, 55, 89, 61, 54, 8, 9, 37, 75, 98, 74, 30, 53, 5, 4, 34, 73, 50, 88, 67, 29, 92, 51, 86, 64, 81, 102, 93, 90, 88, 97, 108, 18, 3, 17, 6, 36, 62, 45, 1, 13, 26, 110, 32, 60, 31, 14, 15, 100, 77, 59, 23, 95, 65, 85, 40, 105, 48, 56, 58, 101, 83, 46, 87, 76, 10, 44, 21, 69, 2, 19, 106, 107, 24, 96, 71, 42, 78, 103, 25, 47, 16, 52, 49, 38, 80, 7, 12, 70, 22, 57, 68, 43, 63, 91, 33, 82, 84, 35, 39, 72, 27, 109]
           Coût init 462 - Coût modif 382
           Variation de coût : -80
           > Coût inférieur obtenu avec ce nouveau parcours -> Solution améliorante.
           Parcours retourné : [99, 28, 94, 20, 79, 41, 104, 66, 55, 89, 61, 54, 8, 9, 37, 75, 98, 74, 30, 53, 5, 4, 34, 73, 50, 88, 67, 29, 92, 51, 86, 64, 81, 102, 93, 90, 88, 97, 108, 18, 3, 17, 6, 36, 62, 45, 1, 13, 26, 110, 32, 60, 31, 14, 15, 100, 77, 59, 23, 95, 65, 85, 40, 105, 48, 56, 58, 101, 83, 46, 87, 76, 10, 44, 21, 69, 2, 19, 106, 107, 24, 96, 71, 42, 78, 103, 25, 47, 16, 52, 49, 38, 80, 7, 12, 70, 22, 57, 68, 43, 63, 91, 33, 82, 84, 35, 39, 72, 27, 109]
#########################################################################################
Nombre de solutions potentiellement améliorantes détectées : 21
Cout AV = 462
Cout AP = 382
Delta coût : -80
Parcours final : [99, 28, 94, 20, 79, 41, 104, 66, 55, 89, 61, 54, 8, 9, 37, 75, 98, 74, 30, 53, 5, 4, 34, 73, 50, 88, 67, 29, 92, 51, 86, 64, 81, 102, 93, 90, 88, 97, 108, 18, 3, 17, 6, 36, 62, 45, 1, 13, 26, 110, 32, 60, 31, 14, 15, 100, 77, 59, 23, 95, 65, 85, 40, 105, 48, 56, 58, 101, 83, 46, 87, 76, 10, 44, 21, 69, 2, 19, 106, 107, 24, 96, 71, 42, 78, 103, 25, 47, 16, 52, 49, 38, 80, 7, 12, 70, 22, 57, 68, 43, 63, 91, 33, 82, 84, 35, 39, 72, 27, 109]
