Résolution approchée pour plat/plat120.dat points à visiter :
Proches voisins 
P : [1, 29, 99, 36, 45, 11, 28, 51, 82, 23, 84, 22, 100, 50, 86, 38, 54, 90, 97, 46, 8, 64, 76, 10, 91, 5, 13, 39, 40, 80, 59, 110, 20, 3, 94, 34, 87, 98, 35, 47, 108, 70, 17, 66, 105, 75, 102, 15, 92, 14, 25, 114, 49, 53, 85, 30, 6, 113, 73, 71, 72, 109, 26, 107, 74, 37, 83, 95, 77, 58, 32, 44, 78, 2, 104, 67, 118, 63, 115, 21, 24, 55, 93, 42, 43, 41, 65, 81, 111, 120, 9, 79, 101, 48, 112, 52, 119, 16, 103, 61, 4, 106, 7, 62, 19, 116, 18, 89, 60, 27, 96, 117, 68, 88, 12, 57, 69, 31, 56, 33, 1]
Parcours de base :
[29, 104, 94, 106, 13, 113, 62, 64, 79, 91, 28, 57, 39, 25, 92, 103, 66, 89, 116, 3, 24, 100, 84, 55, 114, 107, 96, 51, 99, 6, 56, 44, 1, 87, 47, 45, 83, 54, 40, 80, 65, 43, 41, 78, 11, 8, 108, 112, 53, 86, 82, 119, 85, 90, 93, 33, 69, 32, 110, 27, 4, 19, 115, 76, 81, 105, 118, 88, 31, 17, 72, 109, 71, 37, 102, 10, 58, 2, 101, 59, 111, 23, 95, 22, 30, 38, 98, 12, 60, 97, 5, 14, 42, 34, 77, 117, 46, 35, 36, 50, 48, 15, 61, 67, 75, 7, 74, 70, 26, 20, 120, 52, 73, 49, 21, 18, 68, 63, 16, 9]
Coût de base :
364
##################
#########################################################################################
Δ < 0 trouvé : 
           Δ((i = 45, j = 11);(i' = 69, j' = 31) = -8
           Parcours initial : [29, 104, 94, 106, 13, 113, 62, 64, 79, 91, 28, 57, 39, 25, 92, 103, 66, 89, 116, 3, 24, 100, 84, 55, 114, 107, 96, 51, 99, 6, 56, 44, 1, 87, 47, 45, 83, 54, 40, 80, 65, 43, 41, 78, 11, 8, 108, 112, 53, 86, 82, 119, 85, 90, 93, 33, 69, 32, 110, 27, 4, 19, 115, 76, 81, 105, 118, 88, 31, 17, 72, 109, 71, 37, 102, 10, 58, 2, 101, 59, 111, 23, 95, 22, 30, 38, 98, 12, 60, 97, 5, 14, 42, 34, 77, 117, 46, 35, 36, 50, 48, 15, 61, 67, 75, 7, 74, 70, 26, 20, 120, 52, 73, 49, 21, 18, 68, 63, 16, 9]
           Parcours modifié : [29, 104, 94, 106, 13, 113, 62, 64, 79, 91, 31, 57, 39, 25, 92, 103, 66, 89, 116, 3, 24, 100, 84, 55, 114, 107, 96, 51, 99, 6, 56, 44, 1, 87, 47, 45, 83, 54, 40, 80, 65, 43, 41, 78, 69, 8, 108, 112, 53, 86, 82, 119, 85, 90, 93, 33, 69, 32, 110, 27, 4, 19, 115, 76, 81, 105, 118, 88, 11, 17, 72, 109, 71, 37, 102, 10, 58, 2, 101, 59, 111, 23, 95, 22, 30, 38, 98, 12, 60, 97, 5, 14, 42, 34, 77, 117, 46, 35, 36, 50, 48, 15, 61, 67, 75, 7, 74, 70, 26, 20, 120, 52, 73, 49, 21, 18, 68, 63, 16, 9]
           Coût init 364 - Coût modif 2832
           Variation de coût : 2468
           > Coût supérieur obtenu avec ce nouveau parcours -> Solution non améliorante.
           Parcours retourné : [29, 104, 94, 106, 13, 113, 62, 64, 79, 91, 28, 57, 39, 25, 92, 103, 66, 89, 116, 3, 24, 100, 84, 55, 114, 107, 96, 51, 99, 6, 56, 44, 1, 87, 47, 45, 83, 54, 40, 80, 65, 43, 41, 78, 11, 8, 108, 112, 53, 86, 82, 119, 85, 90, 93, 33, 69, 32, 110, 27, 4, 19, 115, 76, 81, 105, 118, 88, 31, 17, 72, 109, 71, 37, 102, 10, 58, 2, 101, 59, 111, 23, 95, 22, 30, 38, 98, 12, 60, 97, 5, 14, 42, 34, 77, 117, 46, 35, 36, 50, 48, 15, 61, 67, 75, 7, 74, 70, 26, 20, 120, 52, 73, 49, 21, 18, 68, 63, 16, 9]
#########################################################################################
#########################################################################################
Δ < 0 trouvé : 
           Δ((i = 11, j = 28);(i' = 33, j' = 1) = -41
           Parcours initial : [29, 104, 94, 106, 13, 113, 62, 64, 79, 91, 28, 57, 39, 25, 92, 103, 66, 89, 116, 3, 24, 100, 84, 55, 114, 107, 96, 51, 99, 6, 56, 44, 1, 87, 47, 45, 83, 54, 40, 80, 65, 43, 41, 78, 11, 8, 108, 112, 53, 86, 82, 119, 85, 90, 93, 33, 69, 32, 110, 27, 4, 19, 115, 76, 81, 105, 118, 88, 31, 17, 72, 109, 71, 37, 102, 10, 58, 2, 101, 59, 111, 23, 95, 22, 30, 38, 98, 12, 60, 97, 5, 14, 42, 34, 77, 117, 46, 35, 36, 50, 48, 15, 61, 67, 75, 7, 74, 70, 26, 20, 120, 52, 73, 49, 21, 18, 68, 63, 16, 9]
           Parcours modifié : [29, 104, 94, 106, 13, 113, 62, 64, 79, 91, 33, 57, 39, 25, 92, 103, 66, 89, 116, 3, 24, 100, 84, 55, 114, 107, 96, 1, 99, 6, 56, 44, 28, 87, 47, 45, 83, 54, 40, 80, 65, 43, 41, 78, 11, 8, 108, 112, 53, 86, 82, 119, 85, 90, 93, 33, 69, 32, 110, 27, 4, 19, 115, 76, 81, 105, 118, 88, 31, 17, 72, 109, 71, 37, 102, 10, 58, 2, 101, 59, 111, 23, 95, 22, 30, 38, 98, 12, 60, 97, 5, 14, 42, 34, 77, 117, 46, 35, 36, 50, 48, 15, 61, 67, 75, 7, 74, 70, 26, 20, 120, 52, 73, 49, 21, 18, 68, 63, 16, 9]
           Coût init 364 - Coût modif 1740
           Variation de coût : 1376
           > Coût supérieur obtenu avec ce nouveau parcours -> Solution non améliorante.
           Parcours retourné : [29, 104, 94, 106, 13, 113, 62, 64, 79, 91, 28, 57, 39, 25, 92, 103, 66, 89, 116, 3, 24, 100, 84, 55, 114, 107, 96, 51, 99, 6, 56, 44, 1, 87, 47, 45, 83, 54, 40, 80, 65, 43, 41, 78, 11, 8, 108, 112, 53, 86, 82, 119, 85, 90, 93, 33, 69, 32, 110, 27, 4, 19, 115, 76, 81, 105, 118, 88, 31, 17, 72, 109, 71, 37, 102, 10, 58, 2, 101, 59, 111, 23, 95, 22, 30, 38, 98, 12, 60, 97, 5, 14, 42, 34, 77, 117, 46, 35, 36, 50, 48, 15, 61, 67, 75, 7, 74, 70, 26, 20, 120, 52, 73, 49, 21, 18, 68, 63, 16, 9]
#########################################################################################
#########################################################################################
Δ < 0 trouvé : 
           Δ((i = 84, j = 22);(i' = 33, j' = 1) = -30
           Parcours initial : [29, 104, 94, 106, 13, 113, 62, 64, 79, 91, 28, 57, 39, 25, 92, 103, 66, 89, 116, 3, 24, 100, 84, 55, 114, 107, 96, 51, 99, 6, 56, 44, 1, 87, 47, 45, 83, 54, 40, 80, 65, 43, 41, 78, 11, 8, 108, 112, 53, 86, 82, 119, 85, 90, 93, 33, 69, 32, 110, 27, 4, 19, 115, 76, 81, 105, 118, 88, 31, 17, 72, 109, 71, 37, 102, 10, 58, 2, 101, 59, 111, 23, 95, 22, 30, 38, 98, 12, 60, 97, 5, 14, 42, 34, 77, 117, 46, 35, 36, 50, 48, 15, 61, 67, 75, 7, 74, 70, 26, 20, 120, 52, 73, 49, 21, 18, 68, 63, 16, 9]
           Parcours modifié : [29, 104, 94, 106, 13, 113, 62, 64, 79, 91, 28, 57, 39, 25, 92, 103, 66, 89, 116, 3, 24, 1, 84, 55, 114, 107, 96, 51, 99, 6, 56, 44, 22, 87, 47, 45, 83, 54, 40, 80, 65, 43, 41, 78, 11, 8, 108, 112, 53, 86, 82, 119, 85, 90, 93, 33, 69, 32, 110, 27, 4, 19, 115, 76, 81, 105, 118, 88, 31, 17, 72, 109, 71, 37, 102, 10, 58, 2, 101, 59, 111, 23, 95, 33, 30, 38, 98, 12, 60, 97, 5, 14, 42, 34, 77, 117, 46, 35, 36, 50, 48, 15, 61, 67, 75, 7, 74, 70, 26, 20, 120, 52, 73, 49, 21, 18, 68, 63, 16, 9]
           Coût init 364 - Coût modif 537
           Variation de coût : 173
           > Coût supérieur obtenu avec ce nouveau parcours -> Solution non améliorante.
           Parcours retourné : [29, 104, 94, 106, 13, 113, 62, 64, 79, 91, 28, 57, 39, 25, 92, 103, 66, 89, 116, 3, 24, 100, 84, 55, 114, 107, 96, 51, 99, 6, 56, 44, 1, 87, 47, 45, 83, 54, 40, 80, 65, 43, 41, 78, 11, 8, 108, 112, 53, 86, 82, 119, 85, 90, 93, 33, 69, 32, 110, 27, 4, 19, 115, 76, 81, 105, 118, 88, 31, 17, 72, 109, 71, 37, 102, 10, 58, 2, 101, 59, 111, 23, 95, 22, 30, 38, 98, 12, 60, 97, 5, 14, 42, 34, 77, 117, 46, 35, 36, 50, 48, 15, 61, 67, 75, 7, 74, 70, 26, 20, 120, 52, 73, 49, 21, 18, 68, 63, 16, 9]
#########################################################################################
#########################################################################################
Δ < 0 trouvé : 
           Δ((i = 100, j = 50);(i' = 33, j' = 1) = -5
           Parcours initial : [29, 104, 94, 106, 13, 113, 62, 64, 79, 91, 28, 57, 39, 25, 92, 103, 66, 89, 116, 3, 24, 100, 84, 55, 114, 107, 96, 51, 99, 6, 56, 44, 1, 87, 47, 45, 83, 54, 40, 80, 65, 43, 41, 78, 11, 8, 108, 112, 53, 86, 82, 119, 85, 90, 93, 33, 69, 32, 110, 27, 4, 19, 115, 76, 81, 105, 118, 88, 31, 17, 72, 109, 71, 37, 102, 10, 58, 2, 101, 59, 111, 23, 95, 22, 30, 38, 98, 12, 60, 97, 5, 14, 42, 34, 77, 117, 46, 35, 36, 50, 48, 15, 61, 67, 75, 7, 74, 70, 26, 20, 120, 52, 73, 49, 21, 18, 68, 63, 16, 9]
           Parcours modifié : [29, 104, 94, 106, 13, 113, 62, 64, 79, 91, 28, 57, 39, 25, 92, 103, 66, 89, 116, 3, 24, 100, 84, 55, 114, 107, 96, 51, 99, 6, 56, 44, 50, 87, 47, 45, 83, 54, 40, 80, 65, 43, 41, 78, 11, 8, 108, 112, 53, 1, 82, 119, 85, 90, 93, 33, 69, 32, 110, 27, 4, 19, 115, 76, 81, 105, 118, 88, 31, 17, 72, 109, 71, 37, 102, 10, 58, 2, 101, 59, 111, 23, 95, 22, 30, 38, 98, 12, 60, 97, 5, 14, 42, 34, 77, 117, 46, 35, 36, 33, 48, 15, 61, 67, 75, 7, 74, 70, 26, 20, 120, 52, 73, 49, 21, 18, 68, 63, 16, 9]
           Coût init 364 - Coût modif 936
           Variation de coût : 572
           > Coût supérieur obtenu avec ce nouveau parcours -> Solution non améliorante.
           Parcours retourné : [29, 104, 94, 106, 13, 113, 62, 64, 79, 91, 28, 57, 39, 25, 92, 103, 66, 89, 116, 3, 24, 100, 84, 55, 114, 107, 96, 51, 99, 6, 56, 44, 1, 87, 47, 45, 83, 54, 40, 80, 65, 43, 41, 78, 11, 8, 108, 112, 53, 86, 82, 119, 85, 90, 93, 33, 69, 32, 110, 27, 4, 19, 115, 76, 81, 105, 118, 88, 31, 17, 72, 109, 71, 37, 102, 10, 58, 2, 101, 59, 111, 23, 95, 22, 30, 38, 98, 12, 60, 97, 5, 14, 42, 34, 77, 117, 46, 35, 36, 50, 48, 15, 61, 67, 75, 7, 74, 70, 26, 20, 120, 52, 73, 49, 21, 18, 68, 63, 16, 9]
#########################################################################################
#########################################################################################
Δ < 0 trouvé : 
           Δ((i = 50, j = 86);(i' = 69, j' = 31) = -24
           Parcours initial : [29, 104, 94, 106, 13, 113, 62, 64, 79, 91, 28, 57, 39, 25, 92, 103, 66, 89, 116, 3, 24, 100, 84, 55, 114, 107, 96, 51, 99, 6, 56, 44, 1, 87, 47, 45, 83, 54, 40, 80, 65, 43, 41, 78, 11, 8, 108, 112, 53, 86, 82, 119, 85, 90, 93, 33, 69, 32, 110, 27, 4, 19, 115, 76, 81, 105, 118, 88, 31, 17, 72, 109, 71, 37, 102, 10, 58, 2, 101, 59, 111, 23, 95, 22, 30, 38, 98, 12, 60, 97, 5, 14, 42, 34, 77, 117, 46, 35, 36, 50, 48, 15, 61, 67, 75, 7, 74, 70, 26, 20, 120, 52, 73, 49, 21, 18, 68, 63, 16, 9]
           Parcours modifié : [29, 104, 94, 106, 13, 113, 62, 64, 79, 91, 28, 57, 39, 25, 92, 103, 66, 89, 116, 3, 24, 100, 84, 55, 114, 107, 96, 51, 99, 6, 56, 44, 1, 87, 47, 45, 83, 54, 40, 80, 65, 43, 41, 78, 11, 8, 108, 112, 53, 69, 82, 119, 85, 90, 93, 33, 69, 32, 110, 27, 4, 19, 115, 76, 81, 105, 118, 88, 86, 17, 72, 109, 71, 37, 102, 10, 58, 2, 101, 59, 111, 23, 95, 22, 30, 31, 98, 12, 60, 97, 5, 14, 42, 34, 77, 117, 46, 35, 36, 50, 48, 15, 61, 67, 75, 7, 74, 70, 26, 20, 120, 52, 73, 49, 21, 18, 68, 63, 16, 9]
           Coût init 364 - Coût modif 848
           Variation de coût : 484
           > Coût supérieur obtenu avec ce nouveau parcours -> Solution non améliorante.
           Parcours retourné : [29, 104, 94, 106, 13, 113, 62, 64, 79, 91, 28, 57, 39, 25, 92, 103, 66, 89, 116, 3, 24, 100, 84, 55, 114, 107, 96, 51, 99, 6, 56, 44, 1, 87, 47, 45, 83, 54, 40, 80, 65, 43, 41, 78, 11, 8, 108, 112, 53, 86, 82, 119, 85, 90, 93, 33, 69, 32, 110, 27, 4, 19, 115, 76, 81, 105, 118, 88, 31, 17, 72, 109, 71, 37, 102, 10, 58, 2, 101, 59, 111, 23, 95, 22, 30, 38, 98, 12, 60, 97, 5, 14, 42, 34, 77, 117, 46, 35, 36, 50, 48, 15, 61, 67, 75, 7, 74, 70, 26, 20, 120, 52, 73, 49, 21, 18, 68, 63, 16, 9]
#########################################################################################
#########################################################################################
Δ < 0 trouvé : 
           Δ((i = 38, j = 54);(i' = 33, j' = 1) = -24
           Parcours initial : [29, 104, 94, 106, 13, 113, 62, 64, 79, 91, 28, 57, 39, 25, 92, 103, 66, 89, 116, 3, 24, 100, 84, 55, 114, 107, 96, 51, 99, 6, 56, 44, 1, 87, 47, 45, 83, 54, 40, 80, 65, 43, 41, 78, 11, 8, 108, 112, 53, 86, 82, 119, 85, 90, 93, 33, 69, 32, 110, 27, 4, 19, 115, 76, 81, 105, 118, 88, 31, 17, 72, 109, 71, 37, 102, 10, 58, 2, 101, 59, 111, 23, 95, 22, 30, 38, 98, 12, 60, 97, 5, 14, 42, 34, 77, 117, 46, 35, 36, 50, 48, 15, 61, 67, 75, 7, 74, 70, 26, 20, 120, 52, 73, 49, 21, 18, 68, 63, 16, 9]
           Parcours modifié : [29, 104, 94, 106, 13, 113, 62, 64, 79, 91, 28, 57, 39, 25, 92, 103, 66, 89, 116, 3, 24, 100, 84, 55, 114, 107, 96, 51, 99, 6, 56, 44, 54, 87, 47, 45, 83, 33, 40, 80, 65, 43, 41, 78, 11, 8, 108, 112, 53, 86, 82, 119, 85, 1, 93, 33, 69, 32, 110, 27, 4, 19, 115, 76, 81, 105, 118, 88, 31, 17, 72, 109, 71, 37, 102, 10, 58, 2, 101, 59, 111, 23, 95, 22, 30, 38, 98, 12, 60, 97, 5, 14, 42, 34, 77, 117, 46, 35, 36, 50, 48, 15, 61, 67, 75, 7, 74, 70, 26, 20, 120, 52, 73, 49, 21, 18, 68, 63, 16, 9]
           Coût init 364 - Coût modif 509
           Variation de coût : 145
           > Coût supérieur obtenu avec ce nouveau parcours -> Solution non améliorante.
           Parcours retourné : [29, 104, 94, 106, 13, 113, 62, 64, 79, 91, 28, 57, 39, 25, 92, 103, 66, 89, 116, 3, 24, 100, 84, 55, 114, 107, 96, 51, 99, 6, 56, 44, 1, 87, 47, 45, 83, 54, 40, 80, 65, 43, 41, 78, 11, 8, 108, 112, 53, 86, 82, 119, 85, 90, 93, 33, 69, 32, 110, 27, 4, 19, 115, 76, 81, 105, 118, 88, 31, 17, 72, 109, 71, 37, 102, 10, 58, 2, 101, 59, 111, 23, 95, 22, 30, 38, 98, 12, 60, 97, 5, 14, 42, 34, 77, 117, 46, 35, 36, 50, 48, 15, 61, 67, 75, 7, 74, 70, 26, 20, 120, 52, 73, 49, 21, 18, 68, 63, 16, 9]
#########################################################################################
#########################################################################################
Δ < 0 trouvé : 
           Δ((i = 54, j = 90);(i' = 9, j' = 79) = -3
           Parcours initial : [29, 104, 94, 106, 13, 113, 62, 64, 79, 91, 28, 57, 39, 25, 92, 103, 66, 89, 116, 3, 24, 100, 84, 55, 114, 107, 96, 51, 99, 6, 56, 44, 1, 87, 47, 45, 83, 54, 40, 80, 65, 43, 41, 78, 11, 8, 108, 112, 53, 86, 82, 119, 85, 90, 93, 33, 69, 32, 110, 27, 4, 19, 115, 76, 81, 105, 118, 88, 31, 17, 72, 109, 71, 37, 102, 10, 58, 2, 101, 59, 111, 23, 95, 22, 30, 38, 98, 12, 60, 97, 5, 14, 42, 34, 77, 117, 46, 35, 36, 50, 48, 15, 61, 67, 75, 7, 74, 70, 26, 20, 120, 52, 73, 49, 21, 18, 68, 63, 16, 9]
           Parcours modifié : [29, 104, 94, 106, 13, 113, 62, 64, 90, 91, 28, 57, 39, 25, 92, 103, 66, 89, 116, 3, 24, 100, 84, 55, 114, 107, 96, 51, 99, 6, 56, 44, 1, 87, 47, 45, 83, 54, 40, 80, 65, 43, 41, 78, 11, 8, 108, 112, 53, 86, 82, 119, 85, 9, 93, 33, 69, 32, 110, 27, 4, 19, 115, 76, 81, 105, 118, 88, 31, 17, 72, 109, 71, 37, 102, 10, 58, 2, 101, 59, 111, 23, 95, 22, 30, 38, 98, 12, 60, 79, 5, 14, 42, 34, 77, 117, 46, 35, 36, 50, 48, 15, 61, 67, 75, 7, 74, 70, 26, 20, 120, 52, 73, 49, 21, 18, 68, 63, 16, 9]
           Coût init 364 - Coût modif 776
           Variation de coût : 412
           > Coût supérieur obtenu avec ce nouveau parcours -> Solution non améliorante.
           Parcours retourné : [29, 104, 94, 106, 13, 113, 62, 64, 79, 91, 28, 57, 39, 25, 92, 103, 66, 89, 116, 3, 24, 100, 84, 55, 114, 107, 96, 51, 99, 6, 56, 44, 1, 87, 47, 45, 83, 54, 40, 80, 65, 43, 41, 78, 11, 8, 108, 112, 53, 86, 82, 119, 85, 90, 93, 33, 69, 32, 110, 27, 4, 19, 115, 76, 81, 105, 118, 88, 31, 17, 72, 109, 71, 37, 102, 10, 58, 2, 101, 59, 111, 23, 95, 22, 30, 38, 98, 12, 60, 97, 5, 14, 42, 34, 77, 117, 46, 35, 36, 50, 48, 15, 61, 67, 75, 7, 74, 70, 26, 20, 120, 52, 73, 49, 21, 18, 68, 63, 16, 9]
#########################################################################################
#########################################################################################
Δ < 0 trouvé : 
           Δ((i = 54, j = 90);(i' = 31, j' = 56) = -6
           Parcours initial : [29, 104, 94, 106, 13, 113, 62, 64, 79, 91, 28, 57, 39, 25, 92, 103, 66, 89, 116, 3, 24, 100, 84, 55, 114, 107, 96, 51, 99, 6, 56, 44, 1, 87, 47, 45, 83, 54, 40, 80, 65, 43, 41, 78, 11, 8, 108, 112, 53, 86, 82, 119, 85, 90, 93, 33, 69, 32, 110, 27, 4, 19, 115, 76, 81, 105, 118, 88, 31, 17, 72, 109, 71, 37, 102, 10, 58, 2, 101, 59, 111, 23, 95, 22, 30, 38, 98, 12, 60, 97, 5, 14, 42, 34, 77, 117, 46, 35, 36, 50, 48, 15, 61, 67, 75, 7, 74, 70, 26, 20, 120, 52, 73, 49, 21, 18, 68, 63, 16, 9]
           Parcours modifié : [29, 104, 94, 106, 13, 113, 62, 64, 79, 91, 28, 57, 39, 25, 92, 103, 66, 89, 116, 3, 24, 100, 84, 55, 114, 107, 96, 51, 99, 6, 90, 44, 1, 87, 47, 45, 83, 54, 40, 80, 65, 43, 41, 78, 11, 8, 108, 112, 53, 86, 82, 119, 85, 31, 93, 33, 69, 32, 110, 27, 4, 19, 115, 76, 81, 105, 118, 88, 31, 17, 72, 109, 71, 37, 102, 10, 58, 2, 101, 59, 111, 23, 95, 22, 30, 38, 98, 12, 60, 56, 5, 14, 42, 34, 77, 117, 46, 35, 36, 50, 48, 15, 61, 67, 75, 7, 74, 70, 26, 20, 120, 52, 73, 49, 21, 18, 68, 63, 16, 9]
           Coût init 364 - Coût modif 1011
           Variation de coût : 647
           > Coût supérieur obtenu avec ce nouveau parcours -> Solution non améliorante.
           Parcours retourné : [29, 104, 94, 106, 13, 113, 62, 64, 79, 91, 28, 57, 39, 25, 92, 103, 66, 89, 116, 3, 24, 100, 84, 55, 114, 107, 96, 51, 99, 6, 56, 44, 1, 87, 47, 45, 83, 54, 40, 80, 65, 43, 41, 78, 11, 8, 108, 112, 53, 86, 82, 119, 85, 90, 93, 33, 69, 32, 110, 27, 4, 19, 115, 76, 81, 105, 118, 88, 31, 17, 72, 109, 71, 37, 102, 10, 58, 2, 101, 59, 111, 23, 95, 22, 30, 38, 98, 12, 60, 97, 5, 14, 42, 34, 77, 117, 46, 35, 36, 50, 48, 15, 61, 67, 75, 7, 74, 70, 26, 20, 120, 52, 73, 49, 21, 18, 68, 63, 16, 9]
#########################################################################################
#########################################################################################
Δ < 0 trouvé : 
           Δ((i = 64, j = 76);(i' = 33, j' = 1) = -39
           Parcours initial : [29, 104, 94, 106, 13, 113, 62, 64, 79, 91, 28, 57, 39, 25, 92, 103, 66, 89, 116, 3, 24, 100, 84, 55, 114, 107, 96, 51, 99, 6, 56, 44, 1, 87, 47, 45, 83, 54, 40, 80, 65, 43, 41, 78, 11, 8, 108, 112, 53, 86, 82, 119, 85, 90, 93, 33, 69, 32, 110, 27, 4, 19, 115, 76, 81, 105, 118, 88, 31, 17, 72, 109, 71, 37, 102, 10, 58, 2, 101, 59, 111, 23, 95, 22, 30, 38, 98, 12, 60, 97, 5, 14, 42, 34, 77, 117, 46, 35, 36, 50, 48, 15, 61, 67, 75, 7, 74, 70, 26, 20, 120, 52, 73, 49, 21, 18, 68, 63, 16, 9]
           Parcours modifié : [29, 104, 94, 106, 13, 113, 62, 64, 79, 91, 28, 57, 39, 25, 92, 103, 66, 89, 116, 3, 24, 100, 84, 55, 114, 107, 96, 51, 99, 6, 56, 44, 76, 87, 47, 45, 83, 54, 40, 80, 65, 43, 41, 78, 11, 8, 108, 112, 53, 86, 82, 119, 85, 90, 93, 33, 69, 32, 110, 27, 4, 19, 115, 33, 81, 105, 118, 88, 31, 17, 72, 109, 71, 37, 102, 1, 58, 2, 101, 59, 111, 23, 95, 22, 30, 38, 98, 12, 60, 97, 5, 14, 42, 34, 77, 117, 46, 35, 36, 50, 48, 15, 61, 67, 75, 7, 74, 70, 26, 20, 120, 52, 73, 49, 21, 18, 68, 63, 16, 9]
           Coût init 364 - Coût modif 305
           Variation de coût : -59
           > Coût inférieur obtenu avec ce nouveau parcours -> Solution améliorante.
           Parcours retourné : [29, 104, 94, 106, 13, 113, 62, 64, 79, 91, 28, 57, 39, 25, 92, 103, 66, 89, 116, 3, 24, 100, 84, 55, 114, 107, 96, 51, 99, 6, 56, 44, 76, 87, 47, 45, 83, 54, 40, 80, 65, 43, 41, 78, 11, 8, 108, 112, 53, 86, 82, 119, 85, 90, 93, 33, 69, 32, 110, 27, 4, 19, 115, 33, 81, 105, 118, 88, 31, 17, 72, 109, 71, 37, 102, 1, 58, 2, 101, 59, 111, 23, 95, 22, 30, 38, 98, 12, 60, 97, 5, 14, 42, 34, 77, 117, 46, 35, 36, 50, 48, 15, 61, 67, 75, 7, 74, 70, 26, 20, 120, 52, 73, 49, 21, 18, 68, 63, 16, 9]
#########################################################################################
Nombre de solutions potentiellement améliorantes détectées : 9
Cout AV = 364
Cout AP = 305
Delta coût : -59
Parcours final : [29, 104, 94, 106, 13, 113, 62, 64, 79, 91, 28, 57, 39, 25, 92, 103, 66, 89, 116, 3, 24, 100, 84, 55, 114, 107, 96, 51, 99, 6, 56, 44, 76, 87, 47, 45, 83, 54, 40, 80, 65, 43, 41, 78, 11, 8, 108, 112, 53, 86, 82, 119, 85, 90, 93, 33, 69, 32, 110, 27, 4, 19, 115, 33, 81, 105, 118, 88, 31, 17, 72, 109, 71, 37, 102, 1, 58, 2, 101, 59, 111, 23, 95, 22, 30, 38, 98, 12, 60, 97, 5, 14, 42, 34, 77, 117, 46, 35, 36, 50, 48, 15, 61, 67, 75, 7, 74, 70, 26, 20, 120, 52, 73, 49, 21, 18, 68, 63, 16, 9]
