Résolution approchée pour plat/plat50.dat points à visiter :
Proches voisins 
P : [1, 12, 9, 50, 37, 35, 16, 15, 30, 11, 38, 39, 5, 40, 3, 21, 29, 6, 22, 32, 43, 47, 48, 44, 2, 34, 36, 46, 4, 25, 26, 33, 10, 14, 19, 7, 20, 41, 42, 8, 17, 27, 49, 13, 18, 31, 23, 45, 28, 24, 1]
Parcours de base :
[12, 34, 21, 25, 40, 22, 20, 17, 50, 14, 38, 9, 18, 19, 30, 15, 27, 31, 7, 41, 29, 32, 45, 1, 26, 33, 49, 24, 6, 11, 23, 43, 10, 36, 16, 46, 35, 39, 5, 3, 42, 8, 47, 2, 28, 4, 48, 44, 13, 37]
Coût de base :
442
##################
#########################################################################################
Δ < 0 trouvé : 
           Δ((i = 12, j = 9);(i' = 41, j' = 42) = -6
           Parcours initial : [12, 34, 21, 25, 40, 22, 20, 17, 50, 14, 38, 9, 18, 19, 30, 15, 27, 31, 7, 41, 29, 32, 45, 1, 26, 33, 49, 24, 6, 11, 23, 43, 10, 36, 16, 46, 35, 39, 5, 3, 42, 8, 47, 2, 28, 4, 48, 44, 13, 37]
           Parcours modifié : [12, 34, 21, 25, 40, 22, 20, 17, 42, 14, 38, 41, 18, 19, 30, 15, 27, 31, 7, 41, 29, 32, 45, 1, 26, 33, 49, 24, 6, 11, 23, 43, 10, 36, 16, 46, 35, 39, 5, 3, 9, 8, 47, 2, 28, 4, 48, 44, 13, 37]
           Coût init 442 - Coût modif 1092
           Variation de coût : 650
           > Coût supérieur obtenu avec ce nouveau parcours -> Solution non améliorante.
           Parcours retourné : [12, 34, 21, 25, 40, 22, 20, 17, 50, 14, 38, 9, 18, 19, 30, 15, 27, 31, 7, 41, 29, 32, 45, 1, 26, 33, 49, 24, 6, 11, 23, 43, 10, 36, 16, 46, 35, 39, 5, 3, 42, 8, 47, 2, 28, 4, 48, 44, 13, 37]
#########################################################################################
#########################################################################################
Δ < 0 trouvé : 
           Δ((i = 12, j = 9);(i' = 45, j' = 28) = -1
           Parcours initial : [12, 34, 21, 25, 40, 22, 20, 17, 50, 14, 38, 9, 18, 19, 30, 15, 27, 31, 7, 41, 29, 32, 45, 1, 26, 33, 49, 24, 6, 11, 23, 43, 10, 36, 16, 46, 35, 39, 5, 3, 42, 8, 47, 2, 28, 4, 48, 44, 13, 37]
           Parcours modifié : [12, 34, 21, 25, 40, 22, 20, 17, 28, 14, 38, 45, 18, 19, 30, 15, 27, 31, 7, 41, 29, 32, 45, 1, 26, 33, 49, 24, 6, 11, 23, 43, 10, 36, 16, 46, 35, 39, 5, 3, 42, 8, 47, 2, 9, 4, 48, 44, 13, 37]
           Coût init 442 - Coût modif 1588
           Variation de coût : 1146
           > Coût supérieur obtenu avec ce nouveau parcours -> Solution non améliorante.
           Parcours retourné : [12, 34, 21, 25, 40, 22, 20, 17, 50, 14, 38, 9, 18, 19, 30, 15, 27, 31, 7, 41, 29, 32, 45, 1, 26, 33, 49, 24, 6, 11, 23, 43, 10, 36, 16, 46, 35, 39, 5, 3, 42, 8, 47, 2, 28, 4, 48, 44, 13, 37]
#########################################################################################
#########################################################################################
Δ < 0 trouvé : 
           Δ((i = 12, j = 9);(i' = 28, j' = 24) = -47
           Parcours initial : [12, 34, 21, 25, 40, 22, 20, 17, 50, 14, 38, 9, 18, 19, 30, 15, 27, 31, 7, 41, 29, 32, 45, 1, 26, 33, 49, 24, 6, 11, 23, 43, 10, 36, 16, 46, 35, 39, 5, 3, 42, 8, 47, 2, 28, 4, 48, 44, 13, 37]
           Parcours modifié : [12, 34, 21, 25, 40, 22, 20, 17, 24, 14, 38, 28, 18, 19, 30, 15, 27, 31, 7, 41, 29, 32, 45, 1, 26, 33, 49, 9, 6, 11, 23, 43, 10, 36, 16, 46, 35, 39, 5, 3, 42, 8, 47, 2, 28, 4, 48, 44, 13, 37]
           Coût init 442 - Coût modif 800
           Variation de coût : 358
           > Coût supérieur obtenu avec ce nouveau parcours -> Solution non améliorante.
           Parcours retourné : [12, 34, 21, 25, 40, 22, 20, 17, 50, 14, 38, 9, 18, 19, 30, 15, 27, 31, 7, 41, 29, 32, 45, 1, 26, 33, 49, 24, 6, 11, 23, 43, 10, 36, 16, 46, 35, 39, 5, 3, 42, 8, 47, 2, 28, 4, 48, 44, 13, 37]
#########################################################################################
#########################################################################################
Δ < 0 trouvé : 
           Δ((i = 12, j = 9);(i' = 24, j' = 1) = -30
           Parcours initial : [12, 34, 21, 25, 40, 22, 20, 17, 50, 14, 38, 9, 18, 19, 30, 15, 27, 31, 7, 41, 29, 32, 45, 1, 26, 33, 49, 24, 6, 11, 23, 43, 10, 36, 16, 46, 35, 39, 5, 3, 42, 8, 47, 2, 28, 4, 48, 44, 13, 37]
           Parcours modifié : [12, 34, 21, 25, 40, 22, 20, 17, 1, 14, 38, 24, 18, 19, 30, 15, 27, 31, 7, 41, 29, 32, 45, 9, 26, 33, 49, 24, 6, 11, 23, 43, 10, 36, 16, 46, 35, 39, 5, 3, 42, 8, 47, 2, 28, 4, 48, 44, 13, 37]
           Coût init 442 - Coût modif 317
           Variation de coût : -125
           > Coût inférieur obtenu avec ce nouveau parcours -> Solution améliorante.
           Parcours retourné : [12, 34, 21, 25, 40, 22, 20, 17, 1, 14, 38, 24, 18, 19, 30, 15, 27, 31, 7, 41, 29, 32, 45, 9, 26, 33, 49, 24, 6, 11, 23, 43, 10, 36, 16, 46, 35, 39, 5, 3, 42, 8, 47, 2, 28, 4, 48, 44, 13, 37]
#########################################################################################
Nombre de solutions potentiellement améliorantes détectées : 4
Cout AV = 442
Cout AP = 317
Delta coût : -125
Parcours final : [12, 34, 21, 25, 40, 22, 20, 17, 1, 14, 38, 24, 18, 19, 30, 15, 27, 31, 7, 41, 29, 32, 45, 9, 26, 33, 49, 24, 6, 11, 23, 43, 10, 36, 16, 46, 35, 39, 5, 3, 42, 8, 47, 2, 28, 4, 48, 44, 13, 37]
