Résolution approchée pour plat/plat80.dat points à visiter :
Proches voisins 
P : [1, 18, 5, 62, 67, 39, 31, 79, 45, 4, 20, 57, 53, 59, 75, 33, 26, 43, 73, 60, 30, 36, 74, 40, 10, 3, 8, 61, 21, 42, 37, 29, 52, 49, 50, 35, 56, 9, 2, 63, 78, 76, 22, 55, 46, 11, 58, 16, 12, 54, 71, 38, 64, 23, 69, 47, 41, 65, 6, 66, 15, 34, 17, 32, 14, 51, 25, 77, 80, 72, 70, 68, 7, 48, 44, 19, 28, 24, 13, 27, 1]
Parcours de base :
[18, 63, 8, 20, 62, 66, 48, 61, 2, 3, 58, 54, 27, 51, 34, 12, 32, 5, 28, 57, 42, 55, 69, 13, 77, 43, 1, 24, 52, 36, 79, 14, 26, 17, 56, 74, 29, 64, 31, 10, 65, 37, 73, 19, 4, 11, 41, 44, 50, 35, 25, 49, 59, 71, 46, 9, 53, 16, 75, 30, 21, 67, 78, 23, 6, 15, 39, 7, 47, 68, 38, 70, 60, 40, 33, 22, 80, 76, 45, 72]
Coût de base :
511
##################
#########################################################################################
Δ < 0 trouvé : 
           Δ((i = 18, j = 5);(i' = 24, j' = 13) = -13
           Parcours initial : [18, 63, 8, 20, 62, 66, 48, 61, 2, 3, 58, 54, 27, 51, 34, 12, 32, 5, 28, 57, 42, 55, 69, 13, 77, 43, 1, 24, 52, 36, 79, 14, 26, 17, 56, 74, 29, 64, 31, 10, 65, 37, 73, 19, 4, 11, 41, 44, 50, 35, 25, 49, 59, 71, 46, 9, 53, 16, 75, 30, 21, 67, 78, 23, 6, 15, 39, 7, 47, 68, 38, 70, 60, 40, 33, 22, 80, 76, 45, 72]
           Parcours modifié : [18, 63, 8, 20, 13, 66, 48, 61, 2, 3, 58, 54, 27, 51, 34, 12, 32, 24, 28, 57, 42, 55, 69, 5, 77, 43, 1, 24, 52, 36, 79, 14, 26, 17, 56, 74, 29, 64, 31, 10, 65, 37, 73, 19, 4, 11, 41, 44, 50, 35, 25, 49, 59, 71, 46, 9, 53, 16, 75, 30, 21, 67, 78, 23, 6, 15, 39, 7, 47, 68, 38, 70, 60, 40, 33, 22, 80, 76, 45, 72]
           Coût init 511 - Coût modif 3053
           Variation de coût : 2542
           > Coût supérieur obtenu avec ce nouveau parcours -> Solution non améliorante.
           Parcours retourné : [18, 63, 8, 20, 62, 66, 48, 61, 2, 3, 58, 54, 27, 51, 34, 12, 32, 5, 28, 57, 42, 55, 69, 13, 77, 43, 1, 24, 52, 36, 79, 14, 26, 17, 56, 74, 29, 64, 31, 10, 65, 37, 73, 19, 4, 11, 41, 44, 50, 35, 25, 49, 59, 71, 46, 9, 53, 16, 75, 30, 21, 67, 78, 23, 6, 15, 39, 7, 47, 68, 38, 70, 60, 40, 33, 22, 80, 76, 45, 72]
#########################################################################################
#########################################################################################
Δ < 0 trouvé : 
           Δ((i = 5, j = 62);(i' = 27, j' = 1) = -7
           Parcours initial : [18, 63, 8, 20, 62, 66, 48, 61, 2, 3, 58, 54, 27, 51, 34, 12, 32, 5, 28, 57, 42, 55, 69, 13, 77, 43, 1, 24, 52, 36, 79, 14, 26, 17, 56, 74, 29, 64, 31, 10, 65, 37, 73, 19, 4, 11, 41, 44, 50, 35, 25, 49, 59, 71, 46, 9, 53, 16, 75, 30, 21, 67, 78, 23, 6, 15, 39, 7, 47, 68, 38, 70, 60, 40, 33, 22, 80, 76, 45, 72]
           Parcours modifié : [18, 63, 8, 20, 27, 66, 48, 61, 2, 3, 58, 54, 27, 51, 34, 12, 32, 5, 28, 57, 42, 55, 69, 13, 77, 43, 62, 24, 52, 36, 79, 14, 26, 17, 56, 74, 29, 64, 31, 10, 65, 37, 73, 19, 4, 11, 41, 44, 50, 35, 25, 49, 59, 71, 46, 9, 53, 16, 75, 30, 21, 1, 78, 23, 6, 15, 39, 7, 47, 68, 38, 70, 60, 40, 33, 22, 80, 76, 45, 72]
           Coût init 511 - Coût modif 1680
           Variation de coût : 1169
           > Coût supérieur obtenu avec ce nouveau parcours -> Solution non améliorante.
           Parcours retourné : [18, 63, 8, 20, 62, 66, 48, 61, 2, 3, 58, 54, 27, 51, 34, 12, 32, 5, 28, 57, 42, 55, 69, 13, 77, 43, 1, 24, 52, 36, 79, 14, 26, 17, 56, 74, 29, 64, 31, 10, 65, 37, 73, 19, 4, 11, 41, 44, 50, 35, 25, 49, 59, 71, 46, 9, 53, 16, 75, 30, 21, 67, 78, 23, 6, 15, 39, 7, 47, 68, 38, 70, 60, 40, 33, 22, 80, 76, 45, 72]
#########################################################################################
#########################################################################################
Δ < 0 trouvé : 
           Δ((i = 31, j = 79);(i' = 27, j' = 1) = -26
           Parcours initial : [18, 63, 8, 20, 62, 66, 48, 61, 2, 3, 58, 54, 27, 51, 34, 12, 32, 5, 28, 57, 42, 55, 69, 13, 77, 43, 1, 24, 52, 36, 79, 14, 26, 17, 56, 74, 29, 64, 31, 10, 65, 37, 73, 19, 4, 11, 41, 44, 50, 35, 25, 49, 59, 71, 46, 9, 53, 16, 75, 30, 21, 67, 78, 23, 6, 15, 39, 7, 47, 68, 38, 70, 60, 40, 33, 22, 80, 76, 45, 72]
           Parcours modifié : [18, 63, 8, 20, 62, 66, 48, 61, 2, 3, 58, 54, 27, 51, 34, 12, 32, 5, 28, 57, 42, 55, 69, 13, 77, 43, 79, 24, 52, 36, 27, 14, 26, 17, 56, 74, 29, 64, 31, 10, 65, 37, 73, 19, 4, 11, 41, 44, 50, 35, 25, 49, 59, 71, 46, 9, 53, 16, 75, 30, 21, 67, 78, 23, 6, 15, 39, 7, 47, 68, 38, 70, 60, 40, 33, 22, 80, 76, 1, 72]
           Coût init 511 - Coût modif 759
           Variation de coût : 248
           > Coût supérieur obtenu avec ce nouveau parcours -> Solution non améliorante.
           Parcours retourné : [18, 63, 8, 20, 62, 66, 48, 61, 2, 3, 58, 54, 27, 51, 34, 12, 32, 5, 28, 57, 42, 55, 69, 13, 77, 43, 1, 24, 52, 36, 79, 14, 26, 17, 56, 74, 29, 64, 31, 10, 65, 37, 73, 19, 4, 11, 41, 44, 50, 35, 25, 49, 59, 71, 46, 9, 53, 16, 75, 30, 21, 67, 78, 23, 6, 15, 39, 7, 47, 68, 38, 70, 60, 40, 33, 22, 80, 76, 45, 72]
#########################################################################################
#########################################################################################
Δ < 0 trouvé : 
           Δ((i = 79, j = 45);(i' = 24, j' = 13) = -3
           Parcours initial : [18, 63, 8, 20, 62, 66, 48, 61, 2, 3, 58, 54, 27, 51, 34, 12, 32, 5, 28, 57, 42, 55, 69, 13, 77, 43, 1, 24, 52, 36, 79, 14, 26, 17, 56, 74, 29, 64, 31, 10, 65, 37, 73, 19, 4, 11, 41, 44, 50, 35, 25, 49, 59, 71, 46, 9, 53, 16, 75, 30, 21, 67, 78, 23, 6, 15, 39, 7, 47, 68, 38, 70, 60, 40, 33, 22, 80, 76, 45, 72]
           Parcours modifié : [18, 63, 8, 20, 62, 66, 48, 61, 2, 3, 58, 54, 27, 51, 34, 12, 32, 5, 28, 57, 42, 55, 69, 45, 77, 43, 1, 24, 52, 36, 79, 14, 26, 17, 56, 74, 29, 64, 31, 10, 65, 37, 73, 19, 13, 11, 41, 44, 50, 35, 25, 49, 59, 71, 46, 9, 53, 16, 75, 30, 21, 67, 78, 23, 6, 15, 39, 7, 47, 68, 38, 70, 60, 40, 33, 22, 80, 76, 24, 72]
           Coût init 511 - Coût modif 1506
           Variation de coût : 995
           > Coût supérieur obtenu avec ce nouveau parcours -> Solution non améliorante.
           Parcours retourné : [18, 63, 8, 20, 62, 66, 48, 61, 2, 3, 58, 54, 27, 51, 34, 12, 32, 5, 28, 57, 42, 55, 69, 13, 77, 43, 1, 24, 52, 36, 79, 14, 26, 17, 56, 74, 29, 64, 31, 10, 65, 37, 73, 19, 4, 11, 41, 44, 50, 35, 25, 49, 59, 71, 46, 9, 53, 16, 75, 30, 21, 67, 78, 23, 6, 15, 39, 7, 47, 68, 38, 70, 60, 40, 33, 22, 80, 76, 45, 72]
#########################################################################################
#########################################################################################
Δ < 0 trouvé : 
           Δ((i = 45, j = 4);(i' = 27, j' = 1) = -7
           Parcours initial : [18, 63, 8, 20, 62, 66, 48, 61, 2, 3, 58, 54, 27, 51, 34, 12, 32, 5, 28, 57, 42, 55, 69, 13, 77, 43, 1, 24, 52, 36, 79, 14, 26, 17, 56, 74, 29, 64, 31, 10, 65, 37, 73, 19, 4, 11, 41, 44, 50, 35, 25, 49, 59, 71, 46, 9, 53, 16, 75, 30, 21, 67, 78, 23, 6, 15, 39, 7, 47, 68, 38, 70, 60, 40, 33, 22, 80, 76, 45, 72]
           Parcours modifié : [18, 63, 8, 1, 62, 66, 48, 61, 2, 3, 58, 54, 27, 51, 34, 12, 32, 5, 28, 57, 42, 55, 69, 13, 77, 43, 4, 24, 52, 36, 79, 14, 26, 17, 56, 74, 29, 64, 31, 10, 65, 37, 73, 19, 27, 11, 41, 44, 50, 35, 25, 49, 59, 71, 46, 9, 53, 16, 75, 30, 21, 67, 78, 23, 6, 15, 39, 7, 47, 68, 38, 70, 60, 40, 33, 22, 80, 76, 45, 72]
           Coût init 511 - Coût modif 686
           Variation de coût : 175
           > Coût supérieur obtenu avec ce nouveau parcours -> Solution non améliorante.
           Parcours retourné : [18, 63, 8, 20, 62, 66, 48, 61, 2, 3, 58, 54, 27, 51, 34, 12, 32, 5, 28, 57, 42, 55, 69, 13, 77, 43, 1, 24, 52, 36, 79, 14, 26, 17, 56, 74, 29, 64, 31, 10, 65, 37, 73, 19, 4, 11, 41, 44, 50, 35, 25, 49, 59, 71, 46, 9, 53, 16, 75, 30, 21, 67, 78, 23, 6, 15, 39, 7, 47, 68, 38, 70, 60, 40, 33, 22, 80, 76, 45, 72]
#########################################################################################
#########################################################################################
Δ < 0 trouvé : 
           Δ((i = 75, j = 33);(i' = 19, j' = 28) = -21
           Parcours initial : [18, 63, 8, 20, 62, 66, 48, 61, 2, 3, 58, 54, 27, 51, 34, 12, 32, 5, 28, 57, 42, 55, 69, 13, 77, 43, 1, 24, 52, 36, 79, 14, 26, 17, 56, 74, 29, 64, 31, 10, 65, 37, 73, 19, 4, 11, 41, 44, 50, 35, 25, 49, 59, 71, 46, 9, 53, 16, 75, 30, 21, 67, 78, 23, 6, 15, 39, 7, 47, 68, 38, 70, 60, 40, 33, 22, 80, 76, 45, 72]
           Parcours modifié : [18, 63, 8, 20, 62, 66, 48, 61, 2, 3, 58, 54, 27, 51, 34, 12, 32, 5, 33, 57, 42, 55, 69, 13, 77, 43, 1, 24, 52, 36, 79, 14, 28, 17, 56, 74, 29, 64, 31, 10, 65, 37, 73, 19, 4, 11, 41, 44, 50, 35, 25, 49, 59, 71, 46, 9, 53, 16, 75, 30, 21, 67, 78, 23, 6, 15, 39, 7, 47, 68, 38, 70, 60, 40, 19, 22, 80, 76, 45, 72]
           Coût init 511 - Coût modif 878
           Variation de coût : 367
           > Coût supérieur obtenu avec ce nouveau parcours -> Solution non améliorante.
           Parcours retourné : [18, 63, 8, 20, 62, 66, 48, 61, 2, 3, 58, 54, 27, 51, 34, 12, 32, 5, 28, 57, 42, 55, 69, 13, 77, 43, 1, 24, 52, 36, 79, 14, 26, 17, 56, 74, 29, 64, 31, 10, 65, 37, 73, 19, 4, 11, 41, 44, 50, 35, 25, 49, 59, 71, 46, 9, 53, 16, 75, 30, 21, 67, 78, 23, 6, 15, 39, 7, 47, 68, 38, 70, 60, 40, 33, 22, 80, 76, 45, 72]
#########################################################################################
#########################################################################################
Δ < 0 trouvé : 
           Δ((i = 43, j = 73);(i' = 68, j' = 7) = -10
           Parcours initial : [18, 63, 8, 20, 62, 66, 48, 61, 2, 3, 58, 54, 27, 51, 34, 12, 32, 5, 28, 57, 42, 55, 69, 13, 77, 43, 1, 24, 52, 36, 79, 14, 26, 17, 56, 74, 29, 64, 31, 10, 65, 37, 73, 19, 4, 11, 41, 44, 50, 35, 25, 49, 59, 71, 46, 9, 53, 16, 75, 30, 21, 67, 78, 23, 6, 15, 39, 7, 47, 68, 38, 70, 60, 40, 33, 22, 80, 76, 45, 72]
           Parcours modifié : [18, 63, 8, 20, 62, 66, 48, 61, 2, 3, 58, 54, 27, 51, 34, 12, 32, 5, 28, 57, 42, 55, 69, 13, 77, 43, 1, 24, 52, 36, 79, 14, 26, 17, 56, 74, 29, 64, 31, 10, 65, 37, 68, 19, 4, 11, 41, 44, 50, 35, 25, 49, 59, 71, 46, 9, 53, 16, 75, 30, 21, 67, 78, 23, 6, 15, 39, 73, 47, 68, 38, 70, 7, 40, 33, 22, 80, 76, 45, 72]
           Coût init 511 - Coût modif 963
           Variation de coût : 452
           > Coût supérieur obtenu avec ce nouveau parcours -> Solution non améliorante.
           Parcours retourné : [18, 63, 8, 20, 62, 66, 48, 61, 2, 3, 58, 54, 27, 51, 34, 12, 32, 5, 28, 57, 42, 55, 69, 13, 77, 43, 1, 24, 52, 36, 79, 14, 26, 17, 56, 74, 29, 64, 31, 10, 65, 37, 73, 19, 4, 11, 41, 44, 50, 35, 25, 49, 59, 71, 46, 9, 53, 16, 75, 30, 21, 67, 78, 23, 6, 15, 39, 7, 47, 68, 38, 70, 60, 40, 33, 22, 80, 76, 45, 72]
#########################################################################################
#########################################################################################
Δ < 0 trouvé : 
           Δ((i = 73, j = 60);(i' = 25, j' = 77) = -4
           Parcours initial : [18, 63, 8, 20, 62, 66, 48, 61, 2, 3, 58, 54, 27, 51, 34, 12, 32, 5, 28, 57, 42, 55, 69, 13, 77, 43, 1, 24, 52, 36, 79, 14, 26, 17, 56, 74, 29, 64, 31, 10, 65, 37, 73, 19, 4, 11, 41, 44, 50, 35, 25, 49, 59, 71, 46, 9, 53, 16, 75, 30, 21, 67, 78, 23, 6, 15, 39, 7, 47, 68, 38, 70, 60, 40, 33, 22, 80, 76, 45, 72]
           Parcours modifié : [18, 63, 8, 20, 62, 66, 48, 61, 2, 3, 58, 54, 27, 51, 34, 12, 32, 5, 28, 57, 42, 55, 69, 13, 60, 43, 1, 24, 52, 36, 79, 14, 26, 17, 56, 74, 29, 64, 31, 10, 65, 37, 73, 19, 4, 11, 41, 44, 50, 35, 25, 49, 59, 71, 46, 9, 53, 16, 75, 77, 21, 67, 78, 23, 6, 15, 39, 7, 47, 68, 38, 70, 25, 40, 33, 22, 80, 76, 45, 72]
           Coût init 511 - Coût modif 910
           Variation de coût : 399
           > Coût supérieur obtenu avec ce nouveau parcours -> Solution non améliorante.
           Parcours retourné : [18, 63, 8, 20, 62, 66, 48, 61, 2, 3, 58, 54, 27, 51, 34, 12, 32, 5, 28, 57, 42, 55, 69, 13, 77, 43, 1, 24, 52, 36, 79, 14, 26, 17, 56, 74, 29, 64, 31, 10, 65, 37, 73, 19, 4, 11, 41, 44, 50, 35, 25, 49, 59, 71, 46, 9, 53, 16, 75, 30, 21, 67, 78, 23, 6, 15, 39, 7, 47, 68, 38, 70, 60, 40, 33, 22, 80, 76, 45, 72]
#########################################################################################
#########################################################################################
Δ < 0 trouvé : 
           Δ((i = 73, j = 60);(i' = 28, j' = 24) = -19
           Parcours initial : [18, 63, 8, 20, 62, 66, 48, 61, 2, 3, 58, 54, 27, 51, 34, 12, 32, 5, 28, 57, 42, 55, 69, 13, 77, 43, 1, 24, 52, 36, 79, 14, 26, 17, 56, 74, 29, 64, 31, 10, 65, 37, 73, 19, 4, 11, 41, 44, 50, 35, 25, 49, 59, 71, 46, 9, 53, 16, 75, 30, 21, 67, 78, 23, 6, 15, 39, 7, 47, 68, 38, 70, 60, 40, 33, 22, 80, 76, 45, 72]
           Parcours modifié : [18, 63, 8, 20, 62, 66, 48, 61, 2, 3, 58, 54, 27, 51, 34, 12, 32, 5, 28, 57, 42, 55, 69, 13, 77, 43, 1, 60, 52, 36, 79, 14, 26, 17, 56, 74, 29, 64, 31, 10, 65, 37, 73, 19, 4, 11, 41, 44, 50, 35, 25, 49, 59, 71, 46, 9, 53, 16, 75, 24, 21, 67, 78, 23, 6, 15, 39, 7, 47, 68, 38, 70, 28, 40, 33, 22, 80, 76, 45, 72]
           Coût init 511 - Coût modif 592
           Variation de coût : 81
           > Coût supérieur obtenu avec ce nouveau parcours -> Solution non améliorante.
           Parcours retourné : [18, 63, 8, 20, 62, 66, 48, 61, 2, 3, 58, 54, 27, 51, 34, 12, 32, 5, 28, 57, 42, 55, 69, 13, 77, 43, 1, 24, 52, 36, 79, 14, 26, 17, 56, 74, 29, 64, 31, 10, 65, 37, 73, 19, 4, 11, 41, 44, 50, 35, 25, 49, 59, 71, 46, 9, 53, 16, 75, 30, 21, 67, 78, 23, 6, 15, 39, 7, 47, 68, 38, 70, 60, 40, 33, 22, 80, 76, 45, 72]
#########################################################################################
#########################################################################################
Δ < 0 trouvé : 
           Δ((i = 73, j = 60);(i' = 27, j' = 1) = -16
           Parcours initial : [18, 63, 8, 20, 62, 66, 48, 61, 2, 3, 58, 54, 27, 51, 34, 12, 32, 5, 28, 57, 42, 55, 69, 13, 77, 43, 1, 24, 52, 36, 79, 14, 26, 17, 56, 74, 29, 64, 31, 10, 65, 37, 73, 19, 4, 11, 41, 44, 50, 35, 25, 49, 59, 71, 46, 9, 53, 16, 75, 30, 21, 67, 78, 23, 6, 15, 39, 7, 47, 68, 38, 70, 60, 40, 33, 22, 80, 76, 45, 72]
           Parcours modifié : [18, 63, 8, 20, 62, 66, 48, 61, 2, 3, 58, 54, 27, 51, 34, 12, 32, 5, 28, 57, 42, 55, 69, 13, 77, 43, 60, 24, 52, 36, 79, 14, 26, 17, 56, 74, 29, 64, 31, 10, 65, 37, 73, 19, 4, 11, 41, 44, 50, 35, 25, 49, 59, 71, 46, 9, 53, 16, 75, 1, 21, 67, 78, 23, 6, 15, 39, 7, 47, 68, 38, 70, 27, 40, 33, 22, 80, 76, 45, 72]
           Coût init 511 - Coût modif 193
           Variation de coût : -318
           > Coût inférieur obtenu avec ce nouveau parcours -> Solution améliorante.
           Parcours retourné : [18, 63, 8, 20, 62, 66, 48, 61, 2, 3, 58, 54, 27, 51, 34, 12, 32, 5, 28, 57, 42, 55, 69, 13, 77, 43, 60, 24, 52, 36, 79, 14, 26, 17, 56, 74, 29, 64, 31, 10, 65, 37, 73, 19, 4, 11, 41, 44, 50, 35, 25, 49, 59, 71, 46, 9, 53, 16, 75, 1, 21, 67, 78, 23, 6, 15, 39, 7, 47, 68, 38, 70, 27, 40, 33, 22, 80, 76, 45, 72]
#########################################################################################
Nombre de solutions potentiellement améliorantes détectées : 10
Cout AV = 511
Cout AP = 193
Delta coût : -318
Parcours final : [18, 63, 8, 20, 62, 66, 48, 61, 2, 3, 58, 54, 27, 51, 34, 12, 32, 5, 28, 57, 42, 55, 69, 13, 77, 43, 60, 24, 52, 36, 79, 14, 26, 17, 56, 74, 29, 64, 31, 10, 65, 37, 73, 19, 4, 11, 41, 44, 50, 35, 25, 49, 59, 71, 46, 9, 53, 16, 75, 1, 21, 67, 78, 23, 6, 15, 39, 7, 47, 68, 38, 70, 27, 40, 33, 22, 80, 76, 45, 72]
