Résolution approchée pour plat/plat70.dat points à visiter :
Proches voisins 
P : [1, 4, 18, 44, 10, 2, 16, 64, 25, 30, 67, 21, 5, 23, 39, 28, 27, 12, 8, 38, 36, 34, 14, 61, 63, 42, 32, 26, 62, 54, 47, 15, 48, 24, 43, 17, 66, 65, 31, 53, 69, 45, 52, 35, 6, 59, 50, 19, 51, 7, 56, 33, 20, 22, 49, 46, 3, 57, 55, 37, 40, 9, 68, 70, 41, 11, 29, 60, 58, 13, 1]
Parcours de base :
[4, 16, 57, 18, 23, 59, 56, 38, 68, 2, 29, 8, 1, 61, 48, 64, 66, 44, 51, 22, 5, 49, 39, 43, 30, 62, 12, 27, 60, 67, 53, 26, 20, 14, 6, 34, 40, 36, 28, 9, 11, 32, 17, 10, 52, 3, 15, 24, 46, 19, 7, 35, 69, 47, 37, 33, 55, 13, 50, 58, 63, 54, 42, 25, 31, 65, 21, 70, 45, 41]
Coût de base :
449
##################
#########################################################################################
Δ < 0 trouvé : 
           Δ((i = 4, j = 18);(i' = 58, j' = 13) = -16
           Parcours initial : [4, 16, 57, 18, 23, 59, 56, 38, 68, 2, 29, 8, 1, 61, 48, 64, 66, 44, 51, 22, 5, 49, 39, 43, 30, 62, 12, 27, 60, 67, 53, 26, 20, 14, 6, 34, 40, 36, 28, 9, 11, 32, 17, 10, 52, 3, 15, 24, 46, 19, 7, 35, 69, 47, 37, 33, 55, 13, 50, 58, 63, 54, 42, 25, 31, 65, 21, 70, 45, 41]
           Parcours modifié : [4, 16, 57, 58, 23, 59, 56, 38, 68, 2, 29, 8, 1, 61, 48, 64, 66, 13, 51, 22, 5, 49, 39, 43, 30, 62, 12, 27, 60, 67, 53, 26, 20, 14, 6, 34, 40, 36, 28, 9, 11, 32, 17, 10, 52, 3, 15, 24, 46, 19, 7, 35, 69, 47, 37, 33, 55, 18, 50, 58, 63, 54, 42, 25, 31, 65, 21, 70, 45, 41]
           Coût init 449 - Coût modif 2114
           Variation de coût : 1665
           > Coût supérieur obtenu avec ce nouveau parcours -> Solution non améliorante.
           Parcours retourné : [4, 16, 57, 18, 23, 59, 56, 38, 68, 2, 29, 8, 1, 61, 48, 64, 66, 44, 51, 22, 5, 49, 39, 43, 30, 62, 12, 27, 60, 67, 53, 26, 20, 14, 6, 34, 40, 36, 28, 9, 11, 32, 17, 10, 52, 3, 15, 24, 46, 19, 7, 35, 69, 47, 37, 33, 55, 13, 50, 58, 63, 54, 42, 25, 31, 65, 21, 70, 45, 41]
#########################################################################################
#########################################################################################
Δ < 0 trouvé : 
           Δ((i = 18, j = 44);(i' = 29, j' = 60) = -46
           Parcours initial : [4, 16, 57, 18, 23, 59, 56, 38, 68, 2, 29, 8, 1, 61, 48, 64, 66, 44, 51, 22, 5, 49, 39, 43, 30, 62, 12, 27, 60, 67, 53, 26, 20, 14, 6, 34, 40, 36, 28, 9, 11, 32, 17, 10, 52, 3, 15, 24, 46, 19, 7, 35, 69, 47, 37, 33, 55, 13, 50, 58, 63, 54, 42, 25, 31, 65, 21, 70, 45, 41]
           Parcours modifié : [4, 16, 57, 18, 23, 59, 56, 38, 68, 2, 29, 8, 1, 61, 48, 64, 66, 29, 51, 22, 5, 49, 39, 43, 30, 62, 12, 27, 44, 67, 53, 26, 20, 14, 6, 34, 40, 36, 28, 9, 11, 32, 17, 60, 52, 3, 15, 24, 46, 19, 7, 35, 69, 47, 37, 33, 55, 13, 50, 58, 63, 54, 42, 25, 31, 65, 21, 70, 45, 41]
           Coût init 449 - Coût modif 1703
           Variation de coût : 1254
           > Coût supérieur obtenu avec ce nouveau parcours -> Solution non améliorante.
           Parcours retourné : [4, 16, 57, 18, 23, 59, 56, 38, 68, 2, 29, 8, 1, 61, 48, 64, 66, 44, 51, 22, 5, 49, 39, 43, 30, 62, 12, 27, 60, 67, 53, 26, 20, 14, 6, 34, 40, 36, 28, 9, 11, 32, 17, 10, 52, 3, 15, 24, 46, 19, 7, 35, 69, 47, 37, 33, 55, 13, 50, 58, 63, 54, 42, 25, 31, 65, 21, 70, 45, 41]
#########################################################################################
#########################################################################################
Δ < 0 trouvé : 
           Δ((i = 18, j = 44);(i' = 13, j' = 1) = -6
           Parcours initial : [4, 16, 57, 18, 23, 59, 56, 38, 68, 2, 29, 8, 1, 61, 48, 64, 66, 44, 51, 22, 5, 49, 39, 43, 30, 62, 12, 27, 60, 67, 53, 26, 20, 14, 6, 34, 40, 36, 28, 9, 11, 32, 17, 10, 52, 3, 15, 24, 46, 19, 7, 35, 69, 47, 37, 33, 55, 13, 50, 58, 63, 54, 42, 25, 31, 65, 21, 70, 45, 41]
           Parcours modifié : [4, 16, 57, 18, 23, 59, 56, 38, 68, 2, 29, 8, 44, 61, 48, 64, 66, 13, 51, 22, 5, 49, 39, 43, 30, 62, 12, 27, 60, 67, 53, 26, 20, 14, 6, 34, 40, 36, 28, 9, 11, 32, 17, 1, 52, 3, 15, 24, 46, 19, 7, 35, 69, 47, 37, 33, 55, 13, 50, 58, 63, 54, 42, 25, 31, 65, 21, 70, 45, 41]
           Coût init 449 - Coût modif 896
           Variation de coût : 447
           > Coût supérieur obtenu avec ce nouveau parcours -> Solution non améliorante.
           Parcours retourné : [4, 16, 57, 18, 23, 59, 56, 38, 68, 2, 29, 8, 1, 61, 48, 64, 66, 44, 51, 22, 5, 49, 39, 43, 30, 62, 12, 27, 60, 67, 53, 26, 20, 14, 6, 34, 40, 36, 28, 9, 11, 32, 17, 10, 52, 3, 15, 24, 46, 19, 7, 35, 69, 47, 37, 33, 55, 13, 50, 58, 63, 54, 42, 25, 31, 65, 21, 70, 45, 41]
#########################################################################################
#########################################################################################
Δ < 0 trouvé : 
           Δ((i = 44, j = 10);(i' = 29, j' = 60) = -8
           Parcours initial : [4, 16, 57, 18, 23, 59, 56, 38, 68, 2, 29, 8, 1, 61, 48, 64, 66, 44, 51, 22, 5, 49, 39, 43, 30, 62, 12, 27, 60, 67, 53, 26, 20, 14, 6, 34, 40, 36, 28, 9, 11, 32, 17, 10, 52, 3, 15, 24, 46, 19, 7, 35, 69, 47, 37, 33, 55, 13, 50, 58, 63, 54, 42, 25, 31, 65, 21, 70, 45, 41]
           Parcours modifié : [4, 16, 57, 18, 23, 59, 56, 38, 68, 60, 29, 8, 1, 61, 48, 64, 66, 44, 51, 22, 5, 49, 39, 43, 30, 62, 12, 27, 10, 67, 53, 26, 20, 14, 6, 34, 40, 36, 28, 9, 11, 32, 17, 29, 52, 3, 15, 24, 46, 19, 7, 35, 69, 47, 37, 33, 55, 13, 50, 58, 63, 54, 42, 25, 31, 65, 21, 70, 45, 41]
           Coût init 449 - Coût modif 1974
           Variation de coût : 1525
           > Coût supérieur obtenu avec ce nouveau parcours -> Solution non améliorante.
           Parcours retourné : [4, 16, 57, 18, 23, 59, 56, 38, 68, 2, 29, 8, 1, 61, 48, 64, 66, 44, 51, 22, 5, 49, 39, 43, 30, 62, 12, 27, 60, 67, 53, 26, 20, 14, 6, 34, 40, 36, 28, 9, 11, 32, 17, 10, 52, 3, 15, 24, 46, 19, 7, 35, 69, 47, 37, 33, 55, 13, 50, 58, 63, 54, 42, 25, 31, 65, 21, 70, 45, 41]
#########################################################################################
#########################################################################################
Δ < 0 trouvé : 
           Δ((i = 30, j = 67);(i' = 70, j' = 41) = -8
           Parcours initial : [4, 16, 57, 18, 23, 59, 56, 38, 68, 2, 29, 8, 1, 61, 48, 64, 66, 44, 51, 22, 5, 49, 39, 43, 30, 62, 12, 27, 60, 67, 53, 26, 20, 14, 6, 34, 40, 36, 28, 9, 11, 32, 17, 10, 52, 3, 15, 24, 46, 19, 7, 35, 69, 47, 37, 33, 55, 13, 50, 58, 63, 54, 42, 25, 31, 65, 21, 70, 45, 41]
           Parcours modifié : [4, 16, 57, 18, 23, 59, 56, 38, 68, 2, 29, 8, 1, 61, 48, 64, 66, 44, 51, 22, 5, 49, 39, 43, 30, 62, 12, 27, 60, 70, 53, 26, 20, 14, 6, 34, 40, 36, 28, 9, 11, 32, 17, 10, 52, 3, 15, 24, 46, 19, 7, 35, 69, 47, 37, 33, 55, 13, 50, 58, 63, 54, 42, 25, 31, 65, 41, 70, 45, 67]
           Coût init 449 - Coût modif 998
           Variation de coût : 549
           > Coût supérieur obtenu avec ce nouveau parcours -> Solution non améliorante.
           Parcours retourné : [4, 16, 57, 18, 23, 59, 56, 38, 68, 2, 29, 8, 1, 61, 48, 64, 66, 44, 51, 22, 5, 49, 39, 43, 30, 62, 12, 27, 60, 67, 53, 26, 20, 14, 6, 34, 40, 36, 28, 9, 11, 32, 17, 10, 52, 3, 15, 24, 46, 19, 7, 35, 69, 47, 37, 33, 55, 13, 50, 58, 63, 54, 42, 25, 31, 65, 21, 70, 45, 41]
#########################################################################################
#########################################################################################
Δ < 0 trouvé : 
           Δ((i = 38, j = 36);(i' = 41, j' = 11) = -5
           Parcours initial : [4, 16, 57, 18, 23, 59, 56, 38, 68, 2, 29, 8, 1, 61, 48, 64, 66, 44, 51, 22, 5, 49, 39, 43, 30, 62, 12, 27, 60, 67, 53, 26, 20, 14, 6, 34, 40, 36, 28, 9, 11, 32, 17, 10, 52, 3, 15, 24, 46, 19, 7, 35, 69, 47, 37, 33, 55, 13, 50, 58, 63, 54, 42, 25, 31, 65, 21, 70, 45, 41]
           Parcours modifié : [4, 16, 57, 18, 23, 59, 56, 38, 68, 2, 29, 8, 1, 61, 48, 64, 66, 44, 51, 22, 5, 49, 39, 43, 30, 62, 12, 27, 60, 67, 53, 26, 20, 14, 6, 11, 40, 41, 28, 9, 36, 32, 17, 10, 52, 3, 15, 24, 46, 19, 7, 35, 69, 47, 37, 33, 55, 13, 50, 58, 63, 54, 42, 25, 31, 65, 21, 70, 45, 41]
           Coût init 449 - Coût modif 642
           Variation de coût : 193
           > Coût supérieur obtenu avec ce nouveau parcours -> Solution non améliorante.
           Parcours retourné : [4, 16, 57, 18, 23, 59, 56, 38, 68, 2, 29, 8, 1, 61, 48, 64, 66, 44, 51, 22, 5, 49, 39, 43, 30, 62, 12, 27, 60, 67, 53, 26, 20, 14, 6, 34, 40, 36, 28, 9, 11, 32, 17, 10, 52, 3, 15, 24, 46, 19, 7, 35, 69, 47, 37, 33, 55, 13, 50, 58, 63, 54, 42, 25, 31, 65, 21, 70, 45, 41]
#########################################################################################
#########################################################################################
Δ < 0 trouvé : 
           Δ((i = 36, j = 34);(i' = 58, j' = 13) = -3
           Parcours initial : [4, 16, 57, 18, 23, 59, 56, 38, 68, 2, 29, 8, 1, 61, 48, 64, 66, 44, 51, 22, 5, 49, 39, 43, 30, 62, 12, 27, 60, 67, 53, 26, 20, 14, 6, 34, 40, 36, 28, 9, 11, 32, 17, 10, 52, 3, 15, 24, 46, 19, 7, 35, 69, 47, 37, 33, 55, 13, 50, 58, 63, 54, 42, 25, 31, 65, 21, 70, 45, 41]
           Parcours modifié : [4, 16, 57, 18, 23, 59, 56, 38, 68, 2, 29, 8, 1, 61, 48, 64, 66, 44, 51, 22, 5, 49, 39, 43, 30, 62, 12, 27, 60, 67, 53, 26, 20, 13, 6, 58, 40, 36, 28, 9, 11, 32, 17, 10, 52, 3, 15, 24, 46, 19, 7, 35, 69, 47, 37, 33, 55, 34, 50, 58, 63, 54, 42, 25, 31, 65, 21, 70, 45, 41]
           Coût init 449 - Coût modif 415
           Variation de coût : -34
           > Coût inférieur obtenu avec ce nouveau parcours -> Solution améliorante.
           Parcours retourné : [4, 16, 57, 18, 23, 59, 56, 38, 68, 2, 29, 8, 1, 61, 48, 64, 66, 44, 51, 22, 5, 49, 39, 43, 30, 62, 12, 27, 60, 67, 53, 26, 20, 13, 6, 58, 40, 36, 28, 9, 11, 32, 17, 10, 52, 3, 15, 24, 46, 19, 7, 35, 69, 47, 37, 33, 55, 34, 50, 58, 63, 54, 42, 25, 31, 65, 21, 70, 45, 41]
#########################################################################################
#########################################################################################
Δ < 0 trouvé : 
           Δ((i = 36, j = 58);(i' = 18, j' = 44) = -27
           Parcours initial : [4, 16, 57, 18, 23, 59, 56, 38, 68, 2, 29, 8, 1, 61, 48, 64, 66, 44, 51, 22, 5, 49, 39, 43, 30, 62, 12, 27, 60, 67, 53, 26, 20, 13, 6, 58, 40, 36, 28, 9, 11, 32, 17, 10, 52, 3, 15, 24, 46, 19, 7, 35, 69, 47, 37, 33, 55, 34, 50, 58, 63, 54, 42, 25, 31, 65, 21, 70, 45, 41]
           Parcours modifié : [4, 16, 57, 18, 23, 59, 56, 38, 68, 2, 29, 8, 1, 61, 48, 64, 66, 58, 51, 22, 5, 49, 39, 43, 30, 62, 12, 27, 60, 67, 53, 26, 20, 13, 6, 18, 40, 36, 28, 9, 11, 32, 17, 10, 52, 3, 15, 24, 46, 19, 7, 35, 69, 47, 37, 33, 55, 44, 50, 58, 63, 54, 42, 25, 31, 65, 21, 70, 45, 41]
           Coût init 415 - Coût modif 424
           Variation de coût : 9
           > Coût supérieur obtenu avec ce nouveau parcours -> Solution non améliorante.
           Parcours retourné : [4, 16, 57, 18, 23, 59, 56, 38, 68, 2, 29, 8, 1, 61, 48, 64, 66, 44, 51, 22, 5, 49, 39, 43, 30, 62, 12, 27, 60, 67, 53, 26, 20, 13, 6, 58, 40, 36, 28, 9, 11, 32, 17, 10, 52, 3, 15, 24, 46, 19, 7, 35, 69, 47, 37, 33, 55, 34, 50, 58, 63, 54, 42, 25, 31, 65, 21, 70, 45, 41]
#########################################################################################
Nombre de solutions potentiellement améliorantes détectées : 8
Cout AV = 449
Cout AP = 415
Delta coût : -34
Parcours final : [4, 16, 57, 18, 23, 59, 56, 38, 68, 2, 29, 8, 1, 61, 48, 64, 66, 44, 51, 22, 5, 49, 39, 43, 30, 62, 12, 27, 60, 67, 53, 26, 20, 13, 6, 58, 40, 36, 28, 9, 11, 32, 17, 10, 52, 3, 15, 24, 46, 19, 7, 35, 69, 47, 37, 33, 55, 34, 50, 58, 63, 54, 42, 25, 31, 65, 21, 70, 45, 41]
