Résolution approchée pour plat/plat140.dat points à visiter :
Proches voisins 
P : [1, 30, 19, 17, 46, 107, 18, 80, 8, 68, 76, 33, 104, 115, 27, 75, 43, 50, 54, 63, 129, 94, 41, 95, 65, 58, 57, 59, 60, 135, 83, 100, 71, 78, 42, 40, 38, 102, 106, 4, 14, 24, 137, 16, 61, 3, 2, 133, 87, 56, 25, 93, 37, 84, 134, 36, 130, 114, 22, 91, 44, 67, 122, 118, 86, 10, 35, 73, 45, 82, 105, 52, 77, 123, 139, 136, 81, 28, 128, 6, 26, 34, 53, 15, 113, 132, 90, 88, 12, 140, 72, 20, 121, 111, 112, 79, 108, 99, 66, 116, 85, 101, 39, 7, 138, 127, 49, 98, 23, 32, 21, 64, 62, 131, 74, 96, 13, 51, 29, 89, 47, 55, 125, 124, 31, 11, 109, 119, 97, 9, 70, 103, 5, 120, 48, 92, 117, 126, 110, 69, 1]
Parcours de base :
[30, 133, 2, 14, 120, 26, 138, 68, 70, 35, 109, 140, 51, 24, 113, 61, 46, 80, 17, 121, 64, 91, 32, 137, 93, 34, 75, 128, 89, 19, 11, 21, 104, 53, 73, 130, 84, 102, 7, 38, 95, 40, 50, 67, 82, 107, 55, 92, 98, 54, 29, 77, 15, 63, 125, 25, 59, 57, 60, 135, 3, 131, 129, 62, 58, 116, 122, 76, 1, 103, 78, 20, 45, 96, 43, 33, 123, 42, 108, 8, 28, 105, 100, 134, 101, 10, 56, 12, 47, 88, 44, 117, 37, 41, 65, 13, 9, 23, 66, 71, 39, 106, 5, 115, 52, 4, 18, 99, 119, 69, 112, 79, 132, 22, 27, 85, 126, 86, 97, 48, 111, 118, 139, 31, 124, 110, 49, 6, 94, 114, 74, 90, 87, 36, 83, 81, 16, 127, 136, 72]
Coût de base :
379
##################
#########################################################################################
Δ < 0 trouvé : 
           Δ((i = 107, j = 18);(i' = 69, j' = 1) = -5
           Parcours initial : [30, 133, 2, 14, 120, 26, 138, 68, 70, 35, 109, 140, 51, 24, 113, 61, 46, 80, 17, 121, 64, 91, 32, 137, 93, 34, 75, 128, 89, 19, 11, 21, 104, 53, 73, 130, 84, 102, 7, 38, 95, 40, 50, 67, 82, 107, 55, 92, 98, 54, 29, 77, 15, 63, 125, 25, 59, 57, 60, 135, 3, 131, 129, 62, 58, 116, 122, 76, 1, 103, 78, 20, 45, 96, 43, 33, 123, 42, 108, 8, 28, 105, 100, 134, 101, 10, 56, 12, 47, 88, 44, 117, 37, 41, 65, 13, 9, 23, 66, 71, 39, 106, 5, 115, 52, 4, 18, 99, 119, 69, 112, 79, 132, 22, 27, 85, 126, 86, 97, 48, 111, 118, 139, 31, 124, 110, 49, 6, 94, 114, 74, 90, 87, 36, 83, 81, 16, 127, 136, 72]
           Parcours modifié : [30, 133, 2, 14, 120, 26, 138, 68, 70, 35, 109, 140, 51, 24, 113, 61, 46, 1, 17, 121, 64, 91, 32, 137, 93, 34, 75, 128, 89, 19, 11, 21, 104, 53, 73, 130, 84, 102, 7, 38, 95, 40, 50, 67, 82, 107, 55, 92, 98, 54, 29, 77, 15, 63, 125, 25, 59, 57, 60, 135, 3, 131, 129, 62, 58, 116, 122, 76, 18, 103, 78, 20, 45, 96, 43, 33, 123, 42, 108, 8, 28, 105, 100, 134, 101, 10, 56, 12, 47, 88, 44, 117, 37, 41, 65, 13, 9, 23, 66, 71, 39, 106, 5, 115, 52, 4, 69, 99, 119, 69, 112, 79, 132, 22, 27, 85, 126, 86, 97, 48, 111, 118, 139, 31, 124, 110, 49, 6, 94, 114, 74, 90, 87, 36, 83, 81, 16, 127, 136, 72]
           Coût init 379 - Coût modif 869
           Variation de coût : 490
           > Coût supérieur obtenu avec ce nouveau parcours -> Solution non améliorante.
           Parcours retourné : [30, 133, 2, 14, 120, 26, 138, 68, 70, 35, 109, 140, 51, 24, 113, 61, 46, 80, 17, 121, 64, 91, 32, 137, 93, 34, 75, 128, 89, 19, 11, 21, 104, 53, 73, 130, 84, 102, 7, 38, 95, 40, 50, 67, 82, 107, 55, 92, 98, 54, 29, 77, 15, 63, 125, 25, 59, 57, 60, 135, 3, 131, 129, 62, 58, 116, 122, 76, 1, 103, 78, 20, 45, 96, 43, 33, 123, 42, 108, 8, 28, 105, 100, 134, 101, 10, 56, 12, 47, 88, 44, 117, 37, 41, 65, 13, 9, 23, 66, 71, 39, 106, 5, 115, 52, 4, 18, 99, 119, 69, 112, 79, 132, 22, 27, 85, 126, 86, 97, 48, 111, 118, 139, 31, 124, 110, 49, 6, 94, 114, 74, 90, 87, 36, 83, 81, 16, 127, 136, 72]
#########################################################################################
#########################################################################################
Δ < 0 trouvé : 
           Δ((i = 68, j = 76);(i' = 126, j' = 110) = -1
           Parcours initial : [30, 133, 2, 14, 120, 26, 138, 68, 70, 35, 109, 140, 51, 24, 113, 61, 46, 80, 17, 121, 64, 91, 32, 137, 93, 34, 75, 128, 89, 19, 11, 21, 104, 53, 73, 130, 84, 102, 7, 38, 95, 40, 50, 67, 82, 107, 55, 92, 98, 54, 29, 77, 15, 63, 125, 25, 59, 57, 60, 135, 3, 131, 129, 62, 58, 116, 122, 76, 1, 103, 78, 20, 45, 96, 43, 33, 123, 42, 108, 8, 28, 105, 100, 134, 101, 10, 56, 12, 47, 88, 44, 117, 37, 41, 65, 13, 9, 23, 66, 71, 39, 106, 5, 115, 52, 4, 18, 99, 119, 69, 112, 79, 132, 22, 27, 85, 126, 86, 97, 48, 111, 118, 139, 31, 124, 110, 49, 6, 94, 114, 74, 90, 87, 36, 83, 81, 16, 127, 136, 72]
           Parcours modifié : [30, 133, 2, 14, 120, 26, 138, 68, 70, 35, 109, 140, 51, 24, 113, 61, 46, 80, 17, 121, 64, 91, 32, 137, 93, 34, 75, 128, 89, 19, 11, 21, 104, 53, 73, 130, 84, 102, 7, 38, 95, 40, 50, 67, 82, 107, 55, 92, 98, 54, 29, 77, 15, 63, 125, 25, 59, 57, 60, 135, 3, 131, 129, 62, 58, 116, 122, 126, 1, 103, 78, 20, 45, 96, 43, 110, 123, 42, 108, 8, 28, 105, 100, 134, 101, 10, 56, 12, 47, 88, 44, 117, 37, 41, 65, 13, 9, 23, 66, 71, 39, 106, 5, 115, 52, 4, 18, 99, 119, 69, 112, 79, 132, 22, 27, 85, 126, 86, 97, 48, 111, 118, 139, 31, 124, 76, 49, 6, 94, 114, 74, 90, 87, 36, 83, 81, 16, 127, 136, 72]
           Coût init 379 - Coût modif 1000
           Variation de coût : 621
           > Coût supérieur obtenu avec ce nouveau parcours -> Solution non améliorante.
           Parcours retourné : [30, 133, 2, 14, 120, 26, 138, 68, 70, 35, 109, 140, 51, 24, 113, 61, 46, 80, 17, 121, 64, 91, 32, 137, 93, 34, 75, 128, 89, 19, 11, 21, 104, 53, 73, 130, 84, 102, 7, 38, 95, 40, 50, 67, 82, 107, 55, 92, 98, 54, 29, 77, 15, 63, 125, 25, 59, 57, 60, 135, 3, 131, 129, 62, 58, 116, 122, 76, 1, 103, 78, 20, 45, 96, 43, 33, 123, 42, 108, 8, 28, 105, 100, 134, 101, 10, 56, 12, 47, 88, 44, 117, 37, 41, 65, 13, 9, 23, 66, 71, 39, 106, 5, 115, 52, 4, 18, 99, 119, 69, 112, 79, 132, 22, 27, 85, 126, 86, 97, 48, 111, 118, 139, 31, 124, 110, 49, 6, 94, 114, 74, 90, 87, 36, 83, 81, 16, 127, 136, 72]
#########################################################################################
#########################################################################################
Δ < 0 trouvé : 
           Δ((i = 76, j = 33);(i' = 110, j' = 69) = -10
           Parcours initial : [30, 133, 2, 14, 120, 26, 138, 68, 70, 35, 109, 140, 51, 24, 113, 61, 46, 80, 17, 121, 64, 91, 32, 137, 93, 34, 75, 128, 89, 19, 11, 21, 104, 53, 73, 130, 84, 102, 7, 38, 95, 40, 50, 67, 82, 107, 55, 92, 98, 54, 29, 77, 15, 63, 125, 25, 59, 57, 60, 135, 3, 131, 129, 62, 58, 116, 122, 76, 1, 103, 78, 20, 45, 96, 43, 33, 123, 42, 108, 8, 28, 105, 100, 134, 101, 10, 56, 12, 47, 88, 44, 117, 37, 41, 65, 13, 9, 23, 66, 71, 39, 106, 5, 115, 52, 4, 18, 99, 119, 69, 112, 79, 132, 22, 27, 85, 126, 86, 97, 48, 111, 118, 139, 31, 124, 110, 49, 6, 94, 114, 74, 90, 87, 36, 83, 81, 16, 127, 136, 72]
           Parcours modifié : [30, 133, 2, 14, 120, 26, 138, 68, 70, 35, 109, 140, 51, 24, 113, 61, 46, 80, 17, 121, 64, 91, 32, 137, 93, 34, 75, 128, 89, 19, 11, 21, 69, 53, 73, 130, 84, 102, 7, 38, 95, 40, 50, 67, 82, 107, 55, 92, 98, 54, 29, 77, 15, 63, 125, 25, 59, 57, 60, 135, 3, 131, 129, 62, 58, 116, 122, 76, 1, 103, 78, 20, 45, 96, 43, 110, 123, 42, 108, 8, 28, 105, 100, 134, 101, 10, 56, 12, 47, 88, 44, 117, 37, 41, 65, 13, 9, 23, 66, 71, 39, 106, 5, 115, 52, 4, 18, 99, 119, 33, 112, 79, 132, 22, 27, 85, 126, 86, 97, 48, 111, 118, 139, 31, 124, 110, 49, 6, 94, 114, 74, 90, 87, 36, 83, 81, 16, 127, 136, 72]
           Coût init 379 - Coût modif 1320
           Variation de coût : 941
           > Coût supérieur obtenu avec ce nouveau parcours -> Solution non améliorante.
           Parcours retourné : [30, 133, 2, 14, 120, 26, 138, 68, 70, 35, 109, 140, 51, 24, 113, 61, 46, 80, 17, 121, 64, 91, 32, 137, 93, 34, 75, 128, 89, 19, 11, 21, 104, 53, 73, 130, 84, 102, 7, 38, 95, 40, 50, 67, 82, 107, 55, 92, 98, 54, 29, 77, 15, 63, 125, 25, 59, 57, 60, 135, 3, 131, 129, 62, 58, 116, 122, 76, 1, 103, 78, 20, 45, 96, 43, 33, 123, 42, 108, 8, 28, 105, 100, 134, 101, 10, 56, 12, 47, 88, 44, 117, 37, 41, 65, 13, 9, 23, 66, 71, 39, 106, 5, 115, 52, 4, 18, 99, 119, 69, 112, 79, 132, 22, 27, 85, 126, 86, 97, 48, 111, 118, 139, 31, 124, 110, 49, 6, 94, 114, 74, 90, 87, 36, 83, 81, 16, 127, 136, 72]
#########################################################################################
#########################################################################################
Δ < 0 trouvé : 
           Δ((i = 58, j = 57);(i' = 69, j' = 1) = -8
           Parcours initial : [30, 133, 2, 14, 120, 26, 138, 68, 70, 35, 109, 140, 51, 24, 113, 61, 46, 80, 17, 121, 64, 91, 32, 137, 93, 34, 75, 128, 89, 19, 11, 21, 104, 53, 73, 130, 84, 102, 7, 38, 95, 40, 50, 67, 82, 107, 55, 92, 98, 54, 29, 77, 15, 63, 125, 25, 59, 57, 60, 135, 3, 131, 129, 62, 58, 116, 122, 76, 1, 103, 78, 20, 45, 96, 43, 33, 123, 42, 108, 8, 28, 105, 100, 134, 101, 10, 56, 12, 47, 88, 44, 117, 37, 41, 65, 13, 9, 23, 66, 71, 39, 106, 5, 115, 52, 4, 18, 99, 119, 69, 112, 79, 132, 22, 27, 85, 126, 86, 97, 48, 111, 118, 139, 31, 124, 110, 49, 6, 94, 114, 74, 90, 87, 36, 83, 81, 16, 127, 136, 72]
           Parcours modifié : [30, 133, 2, 14, 120, 26, 138, 68, 70, 35, 109, 140, 51, 24, 113, 61, 46, 80, 17, 121, 64, 91, 32, 137, 93, 34, 75, 128, 89, 19, 11, 21, 104, 53, 73, 130, 84, 102, 7, 38, 95, 40, 50, 67, 82, 107, 55, 92, 98, 54, 29, 77, 15, 63, 125, 25, 1, 69, 60, 135, 3, 131, 129, 62, 58, 116, 122, 76, 57, 103, 78, 20, 45, 96, 43, 33, 123, 42, 108, 8, 28, 105, 100, 134, 101, 10, 56, 12, 47, 88, 44, 117, 37, 41, 65, 13, 9, 23, 66, 71, 39, 106, 5, 115, 52, 4, 18, 99, 119, 69, 112, 79, 132, 22, 27, 85, 126, 86, 97, 48, 111, 118, 139, 31, 124, 110, 49, 6, 94, 114, 74, 90, 87, 36, 83, 81, 16, 127, 136, 72]
           Coût init 379 - Coût modif 305
           Variation de coût : -74
           > Coût inférieur obtenu avec ce nouveau parcours -> Solution améliorante.
           Parcours retourné : [30, 133, 2, 14, 120, 26, 138, 68, 70, 35, 109, 140, 51, 24, 113, 61, 46, 80, 17, 121, 64, 91, 32, 137, 93, 34, 75, 128, 89, 19, 11, 21, 104, 53, 73, 130, 84, 102, 7, 38, 95, 40, 50, 67, 82, 107, 55, 92, 98, 54, 29, 77, 15, 63, 125, 25, 1, 69, 60, 135, 3, 131, 129, 62, 58, 116, 122, 76, 57, 103, 78, 20, 45, 96, 43, 33, 123, 42, 108, 8, 28, 105, 100, 134, 101, 10, 56, 12, 47, 88, 44, 117, 37, 41, 65, 13, 9, 23, 66, 71, 39, 106, 5, 115, 52, 4, 18, 99, 119, 69, 112, 79, 132, 22, 27, 85, 126, 86, 97, 48, 111, 118, 139, 31, 124, 110, 49, 6, 94, 114, 74, 90, 87, 36, 83, 81, 16, 127, 136, 72]
#########################################################################################
Nombre de solutions potentiellement améliorantes détectées : 4
Cout AV = 379
Cout AP = 305
Delta coût : -74
Parcours final : [30, 133, 2, 14, 120, 26, 138, 68, 70, 35, 109, 140, 51, 24, 113, 61, 46, 80, 17, 121, 64, 91, 32, 137, 93, 34, 75, 128, 89, 19, 11, 21, 104, 53, 73, 130, 84, 102, 7, 38, 95, 40, 50, 67, 82, 107, 55, 92, 98, 54, 29, 77, 15, 63, 125, 25, 1, 69, 60, 135, 3, 131, 129, 62, 58, 116, 122, 76, 57, 103, 78, 20, 45, 96, 43, 33, 123, 42, 108, 8, 28, 105, 100, 134, 101, 10, 56, 12, 47, 88, 44, 117, 37, 41, 65, 13, 9, 23, 66, 71, 39, 106, 5, 115, 52, 4, 18, 99, 119, 69, 112, 79, 132, 22, 27, 85, 126, 86, 97, 48, 111, 118, 139, 31, 124, 110, 49, 6, 94, 114, 74, 90, 87, 36, 83, 81, 16, 127, 136, 72]
