Résolution approchée pour plat/plat100.dat points à visiter :
Proches voisins 
P : [1, 3, 49, 56, 37, 28, 76, 8, 58, 22, 6, 84, 14, 74, 69, 77, 81, 43, 36, 30, 80, 39, 71, 48, 99, 4, 10, 38, 32, 50, 34, 15, 45, 68, 70, 19, 57, 47, 97, 98, 9, 31, 41, 33, 67, 94, 53, 60, 85, 100, 2, 65, 88, 42, 21, 79, 91, 51, 20, 52, 13, 24, 73, 25, 17, 66, 29, 55, 90, 89, 27, 18, 16, 92, 5, 75, 12, 35, 64, 61, 7, 93, 95, 82, 40, 86, 72, 23, 78, 54, 26, 62, 44, 11, 46, 63, 96, 87, 83, 59, 1]
Parcours de base :
[3, 65, 49, 10, 75, 84, 93, 58, 31, 38, 46, 35, 24, 74, 45, 92, 66, 16, 57, 52, 79, 6, 78, 73, 17, 62, 18, 76, 55, 80, 41, 50, 67, 15, 64, 30, 28, 32, 71, 86, 33, 21, 36, 11, 68, 63, 97, 99, 56, 34, 20, 13, 60, 26, 90, 37, 47, 22, 1, 85, 7, 44, 96, 61, 88, 29, 94, 70, 77, 19, 48, 23, 25, 69, 12, 8, 81, 54, 91, 39, 43, 40, 59, 14, 100, 72, 83, 42, 27, 89, 51, 5, 95, 53, 82, 87, 98, 9, 4, 2]
Coût de base :
508
##################
#########################################################################################
Δ < 0 trouvé : 
           Δ((i = 1, j = 3);(i' = 63, j' = 96) = -5
           Parcours initial : [3, 65, 49, 10, 75, 84, 93, 58, 31, 38, 46, 35, 24, 74, 45, 92, 66, 16, 57, 52, 79, 6, 78, 73, 17, 62, 18, 76, 55, 80, 41, 50, 67, 15, 64, 30, 28, 32, 71, 86, 33, 21, 36, 11, 68, 63, 97, 99, 56, 34, 20, 13, 60, 26, 90, 37, 47, 22, 1, 85, 7, 44, 96, 61, 88, 29, 94, 70, 77, 19, 48, 23, 25, 69, 12, 8, 81, 54, 91, 39, 43, 40, 59, 14, 100, 72, 83, 42, 27, 89, 51, 5, 95, 53, 82, 87, 98, 9, 4, 2]
           Parcours modifié : [63, 65, 96, 10, 75, 84, 93, 58, 31, 38, 46, 35, 24, 74, 45, 92, 66, 16, 57, 52, 79, 6, 78, 73, 17, 62, 18, 76, 55, 80, 41, 50, 67, 15, 64, 30, 28, 32, 71, 86, 33, 21, 36, 11, 68, 63, 97, 99, 56, 34, 20, 13, 60, 26, 90, 37, 47, 22, 1, 85, 7, 44, 3, 61, 88, 29, 94, 70, 77, 19, 48, 23, 25, 69, 12, 8, 81, 54, 91, 39, 43, 40, 59, 14, 100, 72, 83, 42, 27, 89, 51, 5, 95, 53, 82, 87, 98, 9, 4, 2]
           Coût init 508 - Coût modif 3946
           Variation de coût : 3438
           > Coût supérieur obtenu avec ce nouveau parcours -> Solution non améliorante.
           Parcours retourné : [3, 65, 49, 10, 75, 84, 93, 58, 31, 38, 46, 35, 24, 74, 45, 92, 66, 16, 57, 52, 79, 6, 78, 73, 17, 62, 18, 76, 55, 80, 41, 50, 67, 15, 64, 30, 28, 32, 71, 86, 33, 21, 36, 11, 68, 63, 97, 99, 56, 34, 20, 13, 60, 26, 90, 37, 47, 22, 1, 85, 7, 44, 96, 61, 88, 29, 94, 70, 77, 19, 48, 23, 25, 69, 12, 8, 81, 54, 91, 39, 43, 40, 59, 14, 100, 72, 83, 42, 27, 89, 51, 5, 95, 53, 82, 87, 98, 9, 4, 2]
#########################################################################################
#########################################################################################
Δ < 0 trouvé : 
           Δ((i = 3, j = 49);(i' = 59, j' = 1) = -6
           Parcours initial : [3, 65, 49, 10, 75, 84, 93, 58, 31, 38, 46, 35, 24, 74, 45, 92, 66, 16, 57, 52, 79, 6, 78, 73, 17, 62, 18, 76, 55, 80, 41, 50, 67, 15, 64, 30, 28, 32, 71, 86, 33, 21, 36, 11, 68, 63, 97, 99, 56, 34, 20, 13, 60, 26, 90, 37, 47, 22, 1, 85, 7, 44, 96, 61, 88, 29, 94, 70, 77, 19, 48, 23, 25, 69, 12, 8, 81, 54, 91, 39, 43, 40, 59, 14, 100, 72, 83, 42, 27, 89, 51, 5, 95, 53, 82, 87, 98, 9, 4, 2]
           Parcours modifié : [3, 65, 59, 10, 75, 84, 93, 58, 31, 38, 46, 35, 24, 74, 45, 92, 66, 16, 57, 52, 79, 6, 78, 73, 17, 62, 18, 76, 55, 80, 41, 50, 67, 15, 64, 30, 28, 32, 71, 86, 33, 21, 36, 11, 68, 63, 97, 99, 1, 34, 20, 13, 60, 26, 90, 37, 47, 22, 49, 85, 7, 44, 96, 61, 88, 29, 94, 70, 77, 19, 48, 23, 25, 69, 12, 8, 81, 54, 91, 39, 43, 40, 59, 14, 100, 72, 83, 42, 27, 89, 51, 5, 95, 53, 82, 87, 98, 9, 4, 2]
           Coût init 508 - Coût modif 3700
           Variation de coût : 3192
           > Coût supérieur obtenu avec ce nouveau parcours -> Solution non améliorante.
           Parcours retourné : [3, 65, 49, 10, 75, 84, 93, 58, 31, 38, 46, 35, 24, 74, 45, 92, 66, 16, 57, 52, 79, 6, 78, 73, 17, 62, 18, 76, 55, 80, 41, 50, 67, 15, 64, 30, 28, 32, 71, 86, 33, 21, 36, 11, 68, 63, 97, 99, 56, 34, 20, 13, 60, 26, 90, 37, 47, 22, 1, 85, 7, 44, 96, 61, 88, 29, 94, 70, 77, 19, 48, 23, 25, 69, 12, 8, 81, 54, 91, 39, 43, 40, 59, 14, 100, 72, 83, 42, 27, 89, 51, 5, 95, 53, 82, 87, 98, 9, 4, 2]
#########################################################################################
#########################################################################################
Δ < 0 trouvé : 
           Δ((i = 49, j = 56);(i' = 62, j' = 44) = -19
           Parcours initial : [3, 65, 49, 10, 75, 84, 93, 58, 31, 38, 46, 35, 24, 74, 45, 92, 66, 16, 57, 52, 79, 6, 78, 73, 17, 62, 18, 76, 55, 80, 41, 50, 67, 15, 64, 30, 28, 32, 71, 86, 33, 21, 36, 11, 68, 63, 97, 99, 56, 34, 20, 13, 60, 26, 90, 37, 47, 22, 1, 85, 7, 44, 96, 61, 88, 29, 94, 70, 77, 19, 48, 23, 25, 69, 12, 8, 81, 54, 91, 39, 43, 40, 59, 14, 100, 72, 83, 42, 27, 89, 51, 5, 95, 53, 82, 87, 98, 9, 4, 2]
           Parcours modifié : [3, 65, 49, 10, 75, 84, 93, 58, 31, 38, 46, 35, 24, 74, 45, 92, 66, 16, 57, 52, 79, 6, 78, 73, 17, 62, 18, 76, 55, 80, 41, 50, 67, 15, 64, 30, 28, 32, 71, 86, 33, 21, 36, 11, 68, 63, 97, 99, 62, 34, 20, 13, 60, 26, 90, 44, 47, 22, 1, 85, 7, 56, 96, 61, 88, 29, 94, 70, 77, 19, 48, 23, 25, 69, 12, 8, 81, 54, 91, 39, 43, 40, 59, 14, 100, 72, 83, 42, 27, 89, 51, 5, 95, 53, 82, 87, 98, 9, 4, 2]
           Coût init 508 - Coût modif 2759
           Variation de coût : 2251
           > Coût supérieur obtenu avec ce nouveau parcours -> Solution non améliorante.
           Parcours retourné : [3, 65, 49, 10, 75, 84, 93, 58, 31, 38, 46, 35, 24, 74, 45, 92, 66, 16, 57, 52, 79, 6, 78, 73, 17, 62, 18, 76, 55, 80, 41, 50, 67, 15, 64, 30, 28, 32, 71, 86, 33, 21, 36, 11, 68, 63, 97, 99, 56, 34, 20, 13, 60, 26, 90, 37, 47, 22, 1, 85, 7, 44, 96, 61, 88, 29, 94, 70, 77, 19, 48, 23, 25, 69, 12, 8, 81, 54, 91, 39, 43, 40, 59, 14, 100, 72, 83, 42, 27, 89, 51, 5, 95, 53, 82, 87, 98, 9, 4, 2]
#########################################################################################
#########################################################################################
Δ < 0 trouvé : 
           Δ((i = 56, j = 37);(i' = 83, j' = 59) = -3
           Parcours initial : [3, 65, 49, 10, 75, 84, 93, 58, 31, 38, 46, 35, 24, 74, 45, 92, 66, 16, 57, 52, 79, 6, 78, 73, 17, 62, 18, 76, 55, 80, 41, 50, 67, 15, 64, 30, 28, 32, 71, 86, 33, 21, 36, 11, 68, 63, 97, 99, 56, 34, 20, 13, 60, 26, 90, 37, 47, 22, 1, 85, 7, 44, 96, 61, 88, 29, 94, 70, 77, 19, 48, 23, 25, 69, 12, 8, 81, 54, 91, 39, 43, 40, 59, 14, 100, 72, 83, 42, 27, 89, 51, 5, 95, 53, 82, 87, 98, 9, 4, 2]
           Parcours modifié : [3, 65, 49, 10, 75, 84, 93, 58, 31, 38, 46, 35, 24, 74, 45, 92, 66, 16, 57, 52, 79, 6, 78, 73, 17, 62, 18, 76, 55, 80, 41, 50, 67, 15, 64, 30, 59, 32, 71, 86, 33, 21, 36, 11, 68, 63, 97, 99, 56, 34, 20, 13, 60, 26, 90, 83, 47, 22, 1, 85, 7, 44, 96, 61, 88, 29, 94, 70, 77, 19, 48, 23, 25, 69, 12, 8, 81, 54, 91, 39, 43, 40, 37, 14, 100, 72, 83, 42, 27, 89, 51, 5, 95, 53, 82, 87, 98, 9, 4, 2]
           Coût init 508 - Coût modif 2928
           Variation de coût : 2420
           > Coût supérieur obtenu avec ce nouveau parcours -> Solution non améliorante.
           Parcours retourné : [3, 65, 49, 10, 75, 84, 93, 58, 31, 38, 46, 35, 24, 74, 45, 92, 66, 16, 57, 52, 79, 6, 78, 73, 17, 62, 18, 76, 55, 80, 41, 50, 67, 15, 64, 30, 28, 32, 71, 86, 33, 21, 36, 11, 68, 63, 97, 99, 56, 34, 20, 13, 60, 26, 90, 37, 47, 22, 1, 85, 7, 44, 96, 61, 88, 29, 94, 70, 77, 19, 48, 23, 25, 69, 12, 8, 81, 54, 91, 39, 43, 40, 59, 14, 100, 72, 83, 42, 27, 89, 51, 5, 95, 53, 82, 87, 98, 9, 4, 2]
#########################################################################################
#########################################################################################
Δ < 0 trouvé : 
           Δ((i = 28, j = 76);(i' = 87, j' = 83) = -3
           Parcours initial : [3, 65, 49, 10, 75, 84, 93, 58, 31, 38, 46, 35, 24, 74, 45, 92, 66, 16, 57, 52, 79, 6, 78, 73, 17, 62, 18, 76, 55, 80, 41, 50, 67, 15, 64, 30, 28, 32, 71, 86, 33, 21, 36, 11, 68, 63, 97, 99, 56, 34, 20, 13, 60, 26, 90, 37, 47, 22, 1, 85, 7, 44, 96, 61, 88, 29, 94, 70, 77, 19, 48, 23, 25, 69, 12, 8, 81, 54, 91, 39, 43, 40, 59, 14, 100, 72, 83, 42, 27, 89, 51, 5, 95, 53, 82, 87, 98, 9, 4, 2]
           Parcours modifié : [3, 65, 49, 10, 75, 84, 93, 58, 31, 38, 46, 35, 24, 74, 45, 92, 66, 16, 57, 52, 79, 6, 78, 73, 17, 62, 18, 87, 55, 80, 41, 50, 67, 15, 64, 30, 28, 32, 71, 86, 33, 21, 36, 11, 68, 63, 97, 99, 56, 34, 20, 13, 60, 26, 90, 37, 47, 22, 1, 85, 7, 44, 96, 61, 88, 29, 94, 70, 77, 19, 48, 23, 25, 69, 12, 83, 81, 54, 91, 39, 43, 40, 59, 14, 100, 72, 76, 42, 27, 89, 51, 5, 95, 53, 82, 87, 98, 9, 4, 2]
           Coût init 508 - Coût modif 2120
           Variation de coût : 1612
           > Coût supérieur obtenu avec ce nouveau parcours -> Solution non améliorante.
           Parcours retourné : [3, 65, 49, 10, 75, 84, 93, 58, 31, 38, 46, 35, 24, 74, 45, 92, 66, 16, 57, 52, 79, 6, 78, 73, 17, 62, 18, 76, 55, 80, 41, 50, 67, 15, 64, 30, 28, 32, 71, 86, 33, 21, 36, 11, 68, 63, 97, 99, 56, 34, 20, 13, 60, 26, 90, 37, 47, 22, 1, 85, 7, 44, 96, 61, 88, 29, 94, 70, 77, 19, 48, 23, 25, 69, 12, 8, 81, 54, 91, 39, 43, 40, 59, 14, 100, 72, 83, 42, 27, 89, 51, 5, 95, 53, 82, 87, 98, 9, 4, 2]
#########################################################################################
#########################################################################################
Δ < 0 trouvé : 
           Δ((i = 28, j = 76);(i' = 83, j' = 59) = -31
           Parcours initial : [3, 65, 49, 10, 75, 84, 93, 58, 31, 38, 46, 35, 24, 74, 45, 92, 66, 16, 57, 52, 79, 6, 78, 73, 17, 62, 18, 76, 55, 80, 41, 50, 67, 15, 64, 30, 28, 32, 71, 86, 33, 21, 36, 11, 68, 63, 97, 99, 56, 34, 20, 13, 60, 26, 90, 37, 47, 22, 1, 85, 7, 44, 96, 61, 88, 29, 94, 70, 77, 19, 48, 23, 25, 69, 12, 8, 81, 54, 91, 39, 43, 40, 59, 14, 100, 72, 83, 42, 27, 89, 51, 5, 95, 53, 82, 87, 98, 9, 4, 2]
           Parcours modifié : [3, 65, 49, 10, 75, 84, 93, 58, 31, 38, 46, 35, 24, 74, 45, 92, 66, 16, 57, 52, 79, 6, 78, 73, 17, 62, 18, 83, 55, 80, 41, 50, 67, 15, 64, 30, 28, 32, 71, 86, 33, 21, 36, 11, 68, 63, 97, 99, 56, 34, 20, 13, 60, 26, 90, 37, 47, 22, 1, 85, 7, 44, 96, 61, 88, 29, 94, 70, 77, 19, 48, 23, 25, 69, 12, 59, 81, 54, 91, 39, 43, 40, 76, 14, 100, 72, 83, 42, 27, 89, 51, 5, 95, 53, 82, 87, 98, 9, 4, 2]
           Coût init 508 - Coût modif 1564
           Variation de coût : 1056
           > Coût supérieur obtenu avec ce nouveau parcours -> Solution non améliorante.
           Parcours retourné : [3, 65, 49, 10, 75, 84, 93, 58, 31, 38, 46, 35, 24, 74, 45, 92, 66, 16, 57, 52, 79, 6, 78, 73, 17, 62, 18, 76, 55, 80, 41, 50, 67, 15, 64, 30, 28, 32, 71, 86, 33, 21, 36, 11, 68, 63, 97, 99, 56, 34, 20, 13, 60, 26, 90, 37, 47, 22, 1, 85, 7, 44, 96, 61, 88, 29, 94, 70, 77, 19, 48, 23, 25, 69, 12, 8, 81, 54, 91, 39, 43, 40, 59, 14, 100, 72, 83, 42, 27, 89, 51, 5, 95, 53, 82, 87, 98, 9, 4, 2]
#########################################################################################
#########################################################################################
Δ < 0 trouvé : 
           Δ((i = 76, j = 8);(i' = 83, j' = 59) = -1
           Parcours initial : [3, 65, 49, 10, 75, 84, 93, 58, 31, 38, 46, 35, 24, 74, 45, 92, 66, 16, 57, 52, 79, 6, 78, 73, 17, 62, 18, 76, 55, 80, 41, 50, 67, 15, 64, 30, 28, 32, 71, 86, 33, 21, 36, 11, 68, 63, 97, 99, 56, 34, 20, 13, 60, 26, 90, 37, 47, 22, 1, 85, 7, 44, 96, 61, 88, 29, 94, 70, 77, 19, 48, 23, 25, 69, 12, 8, 81, 54, 91, 39, 43, 40, 59, 14, 100, 72, 83, 42, 27, 89, 51, 5, 95, 53, 82, 87, 98, 9, 4, 2]
           Parcours modifié : [3, 65, 49, 10, 75, 84, 93, 59, 31, 38, 46, 35, 24, 74, 45, 92, 66, 16, 57, 52, 79, 6, 78, 73, 17, 62, 18, 76, 55, 80, 41, 50, 67, 15, 64, 30, 28, 32, 71, 86, 33, 21, 36, 11, 68, 63, 97, 99, 56, 34, 20, 13, 60, 26, 90, 37, 47, 22, 1, 85, 7, 44, 96, 61, 88, 29, 94, 70, 77, 19, 48, 23, 25, 69, 12, 83, 81, 54, 91, 39, 43, 40, 8, 14, 100, 72, 83, 42, 27, 89, 51, 5, 95, 53, 82, 87, 98, 9, 4, 2]
           Coût init 508 - Coût modif 1940
           Variation de coût : 1432
           > Coût supérieur obtenu avec ce nouveau parcours -> Solution non améliorante.
           Parcours retourné : [3, 65, 49, 10, 75, 84, 93, 58, 31, 38, 46, 35, 24, 74, 45, 92, 66, 16, 57, 52, 79, 6, 78, 73, 17, 62, 18, 76, 55, 80, 41, 50, 67, 15, 64, 30, 28, 32, 71, 86, 33, 21, 36, 11, 68, 63, 97, 99, 56, 34, 20, 13, 60, 26, 90, 37, 47, 22, 1, 85, 7, 44, 96, 61, 88, 29, 94, 70, 77, 19, 48, 23, 25, 69, 12, 8, 81, 54, 91, 39, 43, 40, 59, 14, 100, 72, 83, 42, 27, 89, 51, 5, 95, 53, 82, 87, 98, 9, 4, 2]
#########################################################################################
#########################################################################################
Δ < 0 trouvé : 
           Δ((i = 8, j = 58);(i' = 62, j' = 44) = -4
           Parcours initial : [3, 65, 49, 10, 75, 84, 93, 58, 31, 38, 46, 35, 24, 74, 45, 92, 66, 16, 57, 52, 79, 6, 78, 73, 17, 62, 18, 76, 55, 80, 41, 50, 67, 15, 64, 30, 28, 32, 71, 86, 33, 21, 36, 11, 68, 63, 97, 99, 56, 34, 20, 13, 60, 26, 90, 37, 47, 22, 1, 85, 7, 44, 96, 61, 88, 29, 94, 70, 77, 19, 48, 23, 25, 69, 12, 8, 81, 54, 91, 39, 43, 40, 59, 14, 100, 72, 83, 42, 27, 89, 51, 5, 95, 53, 82, 87, 98, 9, 4, 2]
           Parcours modifié : [3, 65, 49, 10, 75, 84, 93, 62, 31, 38, 46, 35, 24, 74, 45, 92, 66, 16, 57, 52, 79, 6, 78, 73, 17, 62, 18, 76, 55, 80, 41, 50, 67, 15, 64, 30, 28, 32, 71, 86, 33, 21, 36, 11, 68, 63, 97, 99, 56, 34, 20, 13, 60, 26, 90, 37, 47, 44, 1, 85, 7, 58, 96, 61, 88, 29, 94, 70, 77, 19, 48, 23, 25, 69, 12, 8, 81, 54, 91, 39, 43, 40, 59, 14, 100, 72, 83, 42, 27, 89, 51, 5, 95, 53, 82, 87, 98, 9, 4, 2]
           Coût init 508 - Coût modif 2078
           Variation de coût : 1570
           > Coût supérieur obtenu avec ce nouveau parcours -> Solution non améliorante.
           Parcours retourné : [3, 65, 49, 10, 75, 84, 93, 58, 31, 38, 46, 35, 24, 74, 45, 92, 66, 16, 57, 52, 79, 6, 78, 73, 17, 62, 18, 76, 55, 80, 41, 50, 67, 15, 64, 30, 28, 32, 71, 86, 33, 21, 36, 11, 68, 63, 97, 99, 56, 34, 20, 13, 60, 26, 90, 37, 47, 22, 1, 85, 7, 44, 96, 61, 88, 29, 94, 70, 77, 19, 48, 23, 25, 69, 12, 8, 81, 54, 91, 39, 43, 40, 59, 14, 100, 72, 83, 42, 27, 89, 51, 5, 95, 53, 82, 87, 98, 9, 4, 2]
#########################################################################################
#########################################################################################
Δ < 0 trouvé : 
           Δ((i = 58, j = 22);(i' = 83, j' = 59) = -25
           Parcours initial : [3, 65, 49, 10, 75, 84, 93, 58, 31, 38, 46, 35, 24, 74, 45, 92, 66, 16, 57, 52, 79, 6, 78, 73, 17, 62, 18, 76, 55, 80, 41, 50, 67, 15, 64, 30, 28, 32, 71, 86, 33, 21, 36, 11, 68, 63, 97, 99, 56, 34, 20, 13, 60, 26, 90, 37, 47, 22, 1, 85, 7, 44, 96, 61, 88, 29, 94, 70, 77, 19, 48, 23, 25, 69, 12, 8, 81, 54, 91, 39, 43, 40, 59, 14, 100, 72, 83, 42, 27, 89, 51, 5, 95, 53, 82, 87, 98, 9, 4, 2]
           Parcours modifié : [3, 65, 49, 10, 75, 84, 93, 58, 31, 38, 46, 35, 24, 74, 45, 92, 66, 16, 57, 52, 79, 59, 78, 73, 17, 62, 18, 76, 55, 80, 41, 50, 67, 15, 64, 30, 28, 32, 71, 86, 33, 21, 36, 11, 68, 63, 97, 99, 56, 34, 20, 13, 60, 26, 90, 37, 47, 83, 1, 85, 7, 44, 96, 61, 88, 29, 94, 70, 77, 19, 48, 23, 25, 69, 12, 8, 81, 54, 91, 39, 43, 40, 22, 14, 100, 72, 83, 42, 27, 89, 51, 5, 95, 53, 82, 87, 98, 9, 4, 2]
           Coût init 508 - Coût modif 1250
           Variation de coût : 742
           > Coût supérieur obtenu avec ce nouveau parcours -> Solution non améliorante.
           Parcours retourné : [3, 65, 49, 10, 75, 84, 93, 58, 31, 38, 46, 35, 24, 74, 45, 92, 66, 16, 57, 52, 79, 6, 78, 73, 17, 62, 18, 76, 55, 80, 41, 50, 67, 15, 64, 30, 28, 32, 71, 86, 33, 21, 36, 11, 68, 63, 97, 99, 56, 34, 20, 13, 60, 26, 90, 37, 47, 22, 1, 85, 7, 44, 96, 61, 88, 29, 94, 70, 77, 19, 48, 23, 25, 69, 12, 8, 81, 54, 91, 39, 43, 40, 59, 14, 100, 72, 83, 42, 27, 89, 51, 5, 95, 53, 82, 87, 98, 9, 4, 2]
#########################################################################################
#########################################################################################
Δ < 0 trouvé : 
           Δ((i = 14, j = 74);(i' = 83, j' = 59) = -1
           Parcours initial : [3, 65, 49, 10, 75, 84, 93, 58, 31, 38, 46, 35, 24, 74, 45, 92, 66, 16, 57, 52, 79, 6, 78, 73, 17, 62, 18, 76, 55, 80, 41, 50, 67, 15, 64, 30, 28, 32, 71, 86, 33, 21, 36, 11, 68, 63, 97, 99, 56, 34, 20, 13, 60, 26, 90, 37, 47, 22, 1, 85, 7, 44, 96, 61, 88, 29, 94, 70, 77, 19, 48, 23, 25, 69, 12, 8, 81, 54, 91, 39, 43, 40, 59, 14, 100, 72, 83, 42, 27, 89, 51, 5, 95, 53, 82, 87, 98, 9, 4, 2]
           Parcours modifié : [3, 65, 49, 10, 75, 84, 93, 58, 31, 38, 46, 35, 24, 83, 45, 92, 66, 16, 57, 52, 79, 6, 78, 73, 17, 62, 18, 76, 55, 80, 41, 50, 67, 15, 64, 30, 28, 32, 71, 86, 33, 21, 36, 11, 68, 63, 97, 99, 56, 34, 20, 13, 60, 26, 90, 37, 47, 22, 1, 85, 7, 44, 96, 61, 88, 29, 94, 70, 77, 19, 48, 23, 25, 59, 12, 8, 81, 54, 91, 39, 43, 40, 74, 14, 100, 72, 83, 42, 27, 89, 51, 5, 95, 53, 82, 87, 98, 9, 4, 2]
           Coût init 508 - Coût modif 1418
           Variation de coût : 910
           > Coût supérieur obtenu avec ce nouveau parcours -> Solution non améliorante.
           Parcours retourné : [3, 65, 49, 10, 75, 84, 93, 58, 31, 38, 46, 35, 24, 74, 45, 92, 66, 16, 57, 52, 79, 6, 78, 73, 17, 62, 18, 76, 55, 80, 41, 50, 67, 15, 64, 30, 28, 32, 71, 86, 33, 21, 36, 11, 68, 63, 97, 99, 56, 34, 20, 13, 60, 26, 90, 37, 47, 22, 1, 85, 7, 44, 96, 61, 88, 29, 94, 70, 77, 19, 48, 23, 25, 69, 12, 8, 81, 54, 91, 39, 43, 40, 59, 14, 100, 72, 83, 42, 27, 89, 51, 5, 95, 53, 82, 87, 98, 9, 4, 2]
#########################################################################################
#########################################################################################
Δ < 0 trouvé : 
           Δ((i = 69, j = 77);(i' = 59, j' = 1) = -1
           Parcours initial : [3, 65, 49, 10, 75, 84, 93, 58, 31, 38, 46, 35, 24, 74, 45, 92, 66, 16, 57, 52, 79, 6, 78, 73, 17, 62, 18, 76, 55, 80, 41, 50, 67, 15, 64, 30, 28, 32, 71, 86, 33, 21, 36, 11, 68, 63, 97, 99, 56, 34, 20, 13, 60, 26, 90, 37, 47, 22, 1, 85, 7, 44, 96, 61, 88, 29, 94, 70, 77, 19, 48, 23, 25, 69, 12, 8, 81, 54, 91, 39, 43, 40, 59, 14, 100, 72, 83, 42, 27, 89, 51, 5, 95, 53, 82, 87, 98, 9, 4, 2]
           Parcours modifié : [3, 65, 49, 10, 75, 84, 93, 58, 31, 38, 46, 35, 24, 74, 45, 92, 66, 16, 57, 52, 79, 6, 78, 73, 17, 62, 18, 76, 55, 80, 41, 50, 67, 15, 64, 30, 28, 32, 71, 86, 33, 21, 36, 11, 68, 63, 97, 99, 56, 34, 20, 13, 60, 26, 90, 37, 47, 22, 77, 85, 7, 44, 96, 61, 88, 29, 94, 70, 59, 19, 48, 23, 25, 69, 12, 8, 1, 54, 91, 39, 43, 40, 59, 14, 100, 72, 83, 42, 27, 89, 51, 5, 95, 53, 82, 87, 98, 9, 4, 2]
           Coût init 508 - Coût modif 524
           Variation de coût : 16
           > Coût supérieur obtenu avec ce nouveau parcours -> Solution non améliorante.
           Parcours retourné : [3, 65, 49, 10, 75, 84, 93, 58, 31, 38, 46, 35, 24, 74, 45, 92, 66, 16, 57, 52, 79, 6, 78, 73, 17, 62, 18, 76, 55, 80, 41, 50, 67, 15, 64, 30, 28, 32, 71, 86, 33, 21, 36, 11, 68, 63, 97, 99, 56, 34, 20, 13, 60, 26, 90, 37, 47, 22, 1, 85, 7, 44, 96, 61, 88, 29, 94, 70, 77, 19, 48, 23, 25, 69, 12, 8, 81, 54, 91, 39, 43, 40, 59, 14, 100, 72, 83, 42, 27, 89, 51, 5, 95, 53, 82, 87, 98, 9, 4, 2]
#########################################################################################
#########################################################################################
Δ < 0 trouvé : 
           Δ((i = 77, j = 81);(i' = 59, j' = 1) = -25
           Parcours initial : [3, 65, 49, 10, 75, 84, 93, 58, 31, 38, 46, 35, 24, 74, 45, 92, 66, 16, 57, 52, 79, 6, 78, 73, 17, 62, 18, 76, 55, 80, 41, 50, 67, 15, 64, 30, 28, 32, 71, 86, 33, 21, 36, 11, 68, 63, 97, 99, 56, 34, 20, 13, 60, 26, 90, 37, 47, 22, 1, 85, 7, 44, 96, 61, 88, 29, 94, 70, 77, 19, 48, 23, 25, 69, 12, 8, 81, 54, 91, 39, 43, 40, 59, 14, 100, 72, 83, 42, 27, 89, 51, 5, 95, 53, 82, 87, 98, 9, 4, 2]
           Parcours modifié : [3, 65, 49, 10, 75, 84, 93, 58, 31, 38, 46, 35, 24, 74, 45, 92, 66, 16, 57, 52, 79, 6, 78, 73, 17, 62, 18, 76, 55, 80, 41, 50, 67, 15, 64, 30, 28, 32, 71, 86, 33, 21, 36, 11, 68, 63, 97, 99, 56, 34, 20, 13, 60, 26, 90, 37, 47, 22, 81, 85, 7, 44, 96, 61, 88, 29, 94, 70, 77, 19, 48, 23, 25, 69, 12, 8, 59, 54, 91, 39, 1, 40, 59, 14, 100, 72, 83, 42, 27, 89, 51, 5, 95, 53, 82, 87, 98, 9, 4, 2]
           Coût init 508 - Coût modif 435
           Variation de coût : -73
           > Coût inférieur obtenu avec ce nouveau parcours -> Solution améliorante.
           Parcours retourné : [3, 65, 49, 10, 75, 84, 93, 58, 31, 38, 46, 35, 24, 74, 45, 92, 66, 16, 57, 52, 79, 6, 78, 73, 17, 62, 18, 76, 55, 80, 41, 50, 67, 15, 64, 30, 28, 32, 71, 86, 33, 21, 36, 11, 68, 63, 97, 99, 56, 34, 20, 13, 60, 26, 90, 37, 47, 22, 81, 85, 7, 44, 96, 61, 88, 29, 94, 70, 77, 19, 48, 23, 25, 69, 12, 8, 59, 54, 91, 39, 1, 40, 59, 14, 100, 72, 83, 42, 27, 89, 51, 5, 95, 53, 82, 87, 98, 9, 4, 2]
#########################################################################################
#########################################################################################
Δ < 0 trouvé : 
           Δ((i = 77, j = 59);(i' = 1, j' = 3) = -17
           Parcours initial : [3, 65, 49, 10, 75, 84, 93, 58, 31, 38, 46, 35, 24, 74, 45, 92, 66, 16, 57, 52, 79, 6, 78, 73, 17, 62, 18, 76, 55, 80, 41, 50, 67, 15, 64, 30, 28, 32, 71, 86, 33, 21, 36, 11, 68, 63, 97, 99, 56, 34, 20, 13, 60, 26, 90, 37, 47, 22, 81, 85, 7, 44, 96, 61, 88, 29, 94, 70, 77, 19, 48, 23, 25, 69, 12, 8, 59, 54, 91, 39, 1, 40, 59, 14, 100, 72, 83, 42, 27, 89, 51, 5, 95, 53, 82, 87, 98, 9, 4, 2]
           Parcours modifié : [59, 65, 49, 10, 75, 84, 93, 58, 31, 38, 46, 35, 24, 74, 45, 92, 66, 16, 57, 52, 79, 6, 78, 73, 17, 62, 18, 76, 55, 80, 41, 50, 67, 15, 64, 30, 28, 32, 71, 86, 33, 21, 36, 11, 68, 63, 97, 99, 56, 34, 20, 13, 60, 26, 90, 37, 47, 22, 3, 85, 7, 44, 96, 61, 88, 29, 94, 70, 77, 19, 48, 23, 25, 69, 12, 8, 1, 54, 91, 39, 1, 40, 59, 14, 100, 72, 83, 42, 27, 89, 51, 5, 95, 53, 82, 87, 98, 9, 4, 2]
           Coût init 435 - Coût modif 448
           Variation de coût : 13
           > Coût supérieur obtenu avec ce nouveau parcours -> Solution non améliorante.
           Parcours retourné : [3, 65, 49, 10, 75, 84, 93, 58, 31, 38, 46, 35, 24, 74, 45, 92, 66, 16, 57, 52, 79, 6, 78, 73, 17, 62, 18, 76, 55, 80, 41, 50, 67, 15, 64, 30, 28, 32, 71, 86, 33, 21, 36, 11, 68, 63, 97, 99, 56, 34, 20, 13, 60, 26, 90, 37, 47, 22, 81, 85, 7, 44, 96, 61, 88, 29, 94, 70, 77, 19, 48, 23, 25, 69, 12, 8, 59, 54, 91, 39, 1, 40, 59, 14, 100, 72, 83, 42, 27, 89, 51, 5, 95, 53, 82, 87, 98, 9, 4, 2]
#########################################################################################
Nombre de solutions potentiellement améliorantes détectées : 13
Cout AV = 508
Cout AP = 435
Delta coût : -73
Parcours final : [3, 65, 49, 10, 75, 84, 93, 58, 31, 38, 46, 35, 24, 74, 45, 92, 66, 16, 57, 52, 79, 6, 78, 73, 17, 62, 18, 76, 55, 80, 41, 50, 67, 15, 64, 30, 28, 32, 71, 86, 33, 21, 36, 11, 68, 63, 97, 99, 56, 34, 20, 13, 60, 26, 90, 37, 47, 22, 81, 85, 7, 44, 96, 61, 88, 29, 94, 70, 77, 19, 48, 23, 25, 69, 12, 8, 59, 54, 91, 39, 1, 40, 59, 14, 100, 72, 83, 42, 27, 89, 51, 5, 95, 53, 82, 87, 98, 9, 4, 2]
