Résolution approchée pour plat/plat60.dat points à visiter :
Proches voisins 
P : [1, 38, 16, 57, 9, 46, 22, 41, 24, 35, 10, 25, 18, 20, 37, 6, 8, 56, 7, 50, 31, 47, 26, 48, 44, 12, 49, 27, 4, 5, 30, 42, 19, 52, 3, 40, 11, 21, 51, 43, 29, 23, 45, 54, 33, 17, 58, 55, 53, 28, 2, 13, 39, 34, 59, 15, 60, 36, 14, 32, 1]
Parcours de base :
[38, 13, 40, 5, 30, 8, 50, 56, 46, 25, 21, 49, 39, 32, 60, 57, 58, 20, 52, 37, 51, 41, 45, 35, 18, 48, 4, 2, 23, 42, 47, 1, 17, 59, 10, 14, 6, 16, 34, 11, 24, 19, 29, 12, 54, 22, 26, 44, 27, 31, 43, 3, 28, 33, 53, 7, 9, 55, 15, 36]
Coût de base :
407
##################
#########################################################################################
Δ < 0 trouvé : 
           Δ((i = 1, j = 38);(i' = 14, j' = 32) = -1
           Parcours initial : [38, 13, 40, 5, 30, 8, 50, 56, 46, 25, 21, 49, 39, 32, 60, 57, 58, 20, 52, 37, 51, 41, 45, 35, 18, 48, 4, 2, 23, 42, 47, 1, 17, 59, 10, 14, 6, 16, 34, 11, 24, 19, 29, 12, 54, 22, 26, 44, 27, 31, 43, 3, 28, 33, 53, 7, 9, 55, 15, 36]
           Parcours modifié : [14, 13, 40, 5, 30, 8, 50, 56, 46, 25, 21, 49, 39, 38, 60, 57, 58, 20, 52, 37, 51, 41, 45, 35, 18, 48, 4, 2, 23, 42, 47, 1, 17, 59, 10, 14, 6, 32, 34, 11, 24, 19, 29, 12, 54, 22, 26, 44, 27, 31, 43, 3, 28, 33, 53, 7, 9, 55, 15, 36]
           Coût init 407 - Coût modif 3300
           Variation de coût : 2893
           > Coût supérieur obtenu avec ce nouveau parcours -> Solution non améliorante.
           Parcours retourné : [38, 13, 40, 5, 30, 8, 50, 56, 46, 25, 21, 49, 39, 32, 60, 57, 58, 20, 52, 37, 51, 41, 45, 35, 18, 48, 4, 2, 23, 42, 47, 1, 17, 59, 10, 14, 6, 16, 34, 11, 24, 19, 29, 12, 54, 22, 26, 44, 27, 31, 43, 3, 28, 33, 53, 7, 9, 55, 15, 36]
#########################################################################################
#########################################################################################
Δ < 0 trouvé : 
           Δ((i = 38, j = 16);(i' = 15, j' = 60) = -1
           Parcours initial : [38, 13, 40, 5, 30, 8, 50, 56, 46, 25, 21, 49, 39, 32, 60, 57, 58, 20, 52, 37, 51, 41, 45, 35, 18, 48, 4, 2, 23, 42, 47, 1, 17, 59, 10, 14, 6, 16, 34, 11, 24, 19, 29, 12, 54, 22, 26, 44, 27, 31, 43, 3, 28, 33, 53, 7, 9, 55, 15, 36]
           Parcours modifié : [38, 13, 40, 5, 30, 8, 50, 56, 46, 25, 21, 49, 39, 32, 16, 60, 58, 20, 52, 37, 51, 41, 45, 35, 18, 48, 4, 2, 23, 42, 47, 1, 17, 59, 10, 14, 6, 15, 34, 11, 24, 19, 29, 12, 54, 22, 26, 44, 27, 31, 43, 3, 28, 33, 53, 7, 9, 55, 15, 36]
           Coût init 407 - Coût modif 1597
           Variation de coût : 1190
           > Coût supérieur obtenu avec ce nouveau parcours -> Solution non améliorante.
           Parcours retourné : [38, 13, 40, 5, 30, 8, 50, 56, 46, 25, 21, 49, 39, 32, 60, 57, 58, 20, 52, 37, 51, 41, 45, 35, 18, 48, 4, 2, 23, 42, 47, 1, 17, 59, 10, 14, 6, 16, 34, 11, 24, 19, 29, 12, 54, 22, 26, 44, 27, 31, 43, 3, 28, 33, 53, 7, 9, 55, 15, 36]
#########################################################################################
#########################################################################################
Δ < 0 trouvé : 
           Δ((i = 38, j = 16);(i' = 32, j' = 1) = -29
           Parcours initial : [38, 13, 40, 5, 30, 8, 50, 56, 46, 25, 21, 49, 39, 32, 60, 57, 58, 20, 52, 37, 51, 41, 45, 35, 18, 48, 4, 2, 23, 42, 47, 1, 17, 59, 10, 14, 6, 16, 34, 11, 24, 19, 29, 12, 54, 22, 26, 44, 27, 31, 43, 3, 28, 33, 53, 7, 9, 55, 15, 36]
           Parcours modifié : [38, 13, 40, 5, 30, 8, 50, 56, 46, 25, 21, 49, 39, 32, 60, 1, 58, 20, 52, 37, 51, 41, 45, 35, 18, 48, 4, 2, 23, 42, 47, 16, 17, 59, 10, 14, 6, 32, 34, 11, 24, 19, 29, 12, 54, 22, 26, 44, 27, 31, 43, 3, 28, 33, 53, 7, 9, 55, 15, 36]
           Coût init 407 - Coût modif 1860
           Variation de coût : 1453
           > Coût supérieur obtenu avec ce nouveau parcours -> Solution non améliorante.
           Parcours retourné : [38, 13, 40, 5, 30, 8, 50, 56, 46, 25, 21, 49, 39, 32, 60, 57, 58, 20, 52, 37, 51, 41, 45, 35, 18, 48, 4, 2, 23, 42, 47, 1, 17, 59, 10, 14, 6, 16, 34, 11, 24, 19, 29, 12, 54, 22, 26, 44, 27, 31, 43, 3, 28, 33, 53, 7, 9, 55, 15, 36]
#########################################################################################
#########################################################################################
Δ < 0 trouvé : 
           Δ((i = 16, j = 57);(i' = 15, j' = 60) = -29
           Parcours initial : [38, 13, 40, 5, 30, 8, 50, 56, 46, 25, 21, 49, 39, 32, 60, 57, 58, 20, 52, 37, 51, 41, 45, 35, 18, 48, 4, 2, 23, 42, 47, 1, 17, 59, 10, 14, 6, 16, 34, 11, 24, 19, 29, 12, 54, 22, 26, 44, 27, 31, 43, 3, 28, 33, 53, 7, 9, 55, 15, 36]
           Parcours modifié : [38, 13, 40, 5, 30, 8, 50, 56, 46, 25, 21, 49, 39, 32, 57, 15, 58, 20, 52, 37, 51, 41, 45, 35, 18, 48, 4, 2, 23, 42, 47, 1, 17, 59, 10, 14, 6, 16, 34, 11, 24, 19, 29, 12, 54, 22, 26, 44, 27, 31, 43, 3, 28, 33, 53, 7, 60, 55, 15, 36]
           Coût init 407 - Coût modif 1458
           Variation de coût : 1051
           > Coût supérieur obtenu avec ce nouveau parcours -> Solution non améliorante.
           Parcours retourné : [38, 13, 40, 5, 30, 8, 50, 56, 46, 25, 21, 49, 39, 32, 60, 57, 58, 20, 52, 37, 51, 41, 45, 35, 18, 48, 4, 2, 23, 42, 47, 1, 17, 59, 10, 14, 6, 16, 34, 11, 24, 19, 29, 12, 54, 22, 26, 44, 27, 31, 43, 3, 28, 33, 53, 7, 9, 55, 15, 36]
#########################################################################################
#########################################################################################
Δ < 0 trouvé : 
           Δ((i = 16, j = 57);(i' = 14, j' = 32) = -12
           Parcours initial : [38, 13, 40, 5, 30, 8, 50, 56, 46, 25, 21, 49, 39, 32, 60, 57, 58, 20, 52, 37, 51, 41, 45, 35, 18, 48, 4, 2, 23, 42, 47, 1, 17, 59, 10, 14, 6, 16, 34, 11, 24, 19, 29, 12, 54, 22, 26, 44, 27, 31, 43, 3, 28, 33, 53, 7, 9, 55, 15, 36]
           Parcours modifié : [38, 13, 40, 5, 30, 8, 50, 56, 46, 25, 21, 49, 39, 57, 60, 14, 58, 20, 52, 37, 51, 41, 45, 35, 18, 48, 4, 2, 23, 42, 47, 1, 17, 59, 10, 14, 6, 16, 34, 11, 24, 19, 29, 12, 54, 22, 26, 44, 27, 31, 43, 3, 28, 33, 53, 7, 32, 55, 15, 36]
           Coût init 407 - Coût modif 1530
           Variation de coût : 1123
           > Coût supérieur obtenu avec ce nouveau parcours -> Solution non améliorante.
           Parcours retourné : [38, 13, 40, 5, 30, 8, 50, 56, 46, 25, 21, 49, 39, 32, 60, 57, 58, 20, 52, 37, 51, 41, 45, 35, 18, 48, 4, 2, 23, 42, 47, 1, 17, 59, 10, 14, 6, 16, 34, 11, 24, 19, 29, 12, 54, 22, 26, 44, 27, 31, 43, 3, 28, 33, 53, 7, 9, 55, 15, 36]
#########################################################################################
#########################################################################################
Δ < 0 trouvé : 
           Δ((i = 57, j = 9);(i' = 14, j' = 32) = -23
           Parcours initial : [38, 13, 40, 5, 30, 8, 50, 56, 46, 25, 21, 49, 39, 32, 60, 57, 58, 20, 52, 37, 51, 41, 45, 35, 18, 48, 4, 2, 23, 42, 47, 1, 17, 59, 10, 14, 6, 16, 34, 11, 24, 19, 29, 12, 54, 22, 26, 44, 27, 31, 43, 3, 28, 33, 53, 7, 9, 55, 15, 36]
           Parcours modifié : [38, 13, 40, 5, 30, 8, 50, 56, 32, 25, 21, 49, 39, 9, 60, 57, 58, 20, 52, 37, 51, 41, 45, 35, 18, 48, 4, 2, 23, 42, 47, 1, 17, 59, 10, 14, 6, 16, 34, 11, 24, 19, 29, 12, 54, 22, 26, 44, 27, 31, 43, 3, 28, 33, 53, 7, 14, 55, 15, 36]
           Coût init 407 - Coût modif 1103
           Variation de coût : 696
           > Coût supérieur obtenu avec ce nouveau parcours -> Solution non améliorante.
           Parcours retourné : [38, 13, 40, 5, 30, 8, 50, 56, 46, 25, 21, 49, 39, 32, 60, 57, 58, 20, 52, 37, 51, 41, 45, 35, 18, 48, 4, 2, 23, 42, 47, 1, 17, 59, 10, 14, 6, 16, 34, 11, 24, 19, 29, 12, 54, 22, 26, 44, 27, 31, 43, 3, 28, 33, 53, 7, 9, 55, 15, 36]
#########################################################################################
#########################################################################################
Δ < 0 trouvé : 
           Δ((i = 57, j = 9);(i' = 32, j' = 1) = -16
           Parcours initial : [38, 13, 40, 5, 30, 8, 50, 56, 46, 25, 21, 49, 39, 32, 60, 57, 58, 20, 52, 37, 51, 41, 45, 35, 18, 48, 4, 2, 23, 42, 47, 1, 17, 59, 10, 14, 6, 16, 34, 11, 24, 19, 29, 12, 54, 22, 26, 44, 27, 31, 43, 3, 28, 33, 53, 7, 9, 55, 15, 36]
           Parcours modifié : [38, 13, 40, 5, 30, 8, 50, 56, 1, 25, 21, 49, 39, 32, 60, 57, 58, 20, 52, 37, 51, 41, 45, 35, 18, 48, 4, 2, 23, 42, 47, 9, 17, 59, 10, 14, 6, 16, 34, 11, 24, 19, 29, 12, 54, 22, 26, 44, 27, 31, 43, 3, 28, 33, 53, 7, 32, 55, 15, 36]
           Coût init 407 - Coût modif 820
           Variation de coût : 413
           > Coût supérieur obtenu avec ce nouveau parcours -> Solution non améliorante.
           Parcours retourné : [38, 13, 40, 5, 30, 8, 50, 56, 46, 25, 21, 49, 39, 32, 60, 57, 58, 20, 52, 37, 51, 41, 45, 35, 18, 48, 4, 2, 23, 42, 47, 1, 17, 59, 10, 14, 6, 16, 34, 11, 24, 19, 29, 12, 54, 22, 26, 44, 27, 31, 43, 3, 28, 33, 53, 7, 9, 55, 15, 36]
#########################################################################################
#########################################################################################
Δ < 0 trouvé : 
           Δ((i = 9, j = 46);(i' = 32, j' = 1) = -8
           Parcours initial : [38, 13, 40, 5, 30, 8, 50, 56, 46, 25, 21, 49, 39, 32, 60, 57, 58, 20, 52, 37, 51, 41, 45, 35, 18, 48, 4, 2, 23, 42, 47, 1, 17, 59, 10, 14, 6, 16, 34, 11, 24, 19, 29, 12, 54, 22, 26, 44, 27, 31, 43, 3, 28, 33, 53, 7, 9, 55, 15, 36]
           Parcours modifié : [38, 13, 40, 5, 30, 8, 50, 56, 32, 25, 21, 49, 39, 32, 60, 57, 58, 20, 52, 37, 51, 41, 45, 35, 18, 48, 4, 2, 23, 42, 47, 46, 17, 59, 10, 14, 6, 16, 34, 11, 24, 19, 29, 12, 54, 1, 26, 44, 27, 31, 43, 3, 28, 33, 53, 7, 9, 55, 15, 36]
           Coût init 407 - Coût modif 1041
           Variation de coût : 634
           > Coût supérieur obtenu avec ce nouveau parcours -> Solution non améliorante.
           Parcours retourné : [38, 13, 40, 5, 30, 8, 50, 56, 46, 25, 21, 49, 39, 32, 60, 57, 58, 20, 52, 37, 51, 41, 45, 35, 18, 48, 4, 2, 23, 42, 47, 1, 17, 59, 10, 14, 6, 16, 34, 11, 24, 19, 29, 12, 54, 22, 26, 44, 27, 31, 43, 3, 28, 33, 53, 7, 9, 55, 15, 36]
#########################################################################################
#########################################################################################
Δ < 0 trouvé : 
           Δ((i = 46, j = 22);(i' = 39, j' = 34) = -1
           Parcours initial : [38, 13, 40, 5, 30, 8, 50, 56, 46, 25, 21, 49, 39, 32, 60, 57, 58, 20, 52, 37, 51, 41, 45, 35, 18, 48, 4, 2, 23, 42, 47, 1, 17, 59, 10, 14, 6, 16, 34, 11, 24, 19, 29, 12, 54, 22, 26, 44, 27, 31, 43, 3, 28, 33, 53, 7, 9, 55, 15, 36]
           Parcours modifié : [38, 13, 40, 5, 30, 8, 50, 56, 46, 25, 21, 49, 39, 32, 60, 57, 58, 20, 52, 37, 51, 34, 45, 35, 18, 48, 4, 2, 23, 42, 47, 1, 17, 59, 10, 14, 6, 16, 22, 11, 24, 19, 29, 12, 54, 39, 26, 44, 27, 31, 43, 3, 28, 33, 53, 7, 9, 55, 15, 36]
           Coût init 407 - Coût modif 1280
           Variation de coût : 873
           > Coût supérieur obtenu avec ce nouveau parcours -> Solution non améliorante.
           Parcours retourné : [38, 13, 40, 5, 30, 8, 50, 56, 46, 25, 21, 49, 39, 32, 60, 57, 58, 20, 52, 37, 51, 41, 45, 35, 18, 48, 4, 2, 23, 42, 47, 1, 17, 59, 10, 14, 6, 16, 34, 11, 24, 19, 29, 12, 54, 22, 26, 44, 27, 31, 43, 3, 28, 33, 53, 7, 9, 55, 15, 36]
#########################################################################################
#########################################################################################
Δ < 0 trouvé : 
           Δ((i = 22, j = 41);(i' = 59, j' = 15) = -1
           Parcours initial : [38, 13, 40, 5, 30, 8, 50, 56, 46, 25, 21, 49, 39, 32, 60, 57, 58, 20, 52, 37, 51, 41, 45, 35, 18, 48, 4, 2, 23, 42, 47, 1, 17, 59, 10, 14, 6, 16, 34, 11, 24, 19, 29, 12, 54, 22, 26, 44, 27, 31, 43, 3, 28, 33, 53, 7, 9, 55, 15, 36]
           Parcours modifié : [38, 13, 40, 5, 30, 8, 50, 56, 46, 25, 21, 49, 39, 32, 60, 57, 58, 20, 52, 37, 51, 59, 45, 35, 18, 48, 4, 2, 23, 42, 47, 1, 17, 59, 10, 14, 6, 16, 34, 11, 15, 19, 29, 12, 54, 22, 26, 44, 27, 31, 43, 3, 28, 33, 53, 7, 9, 55, 41, 36]
           Coût init 407 - Coût modif 1133
           Variation de coût : 726
           > Coût supérieur obtenu avec ce nouveau parcours -> Solution non améliorante.
           Parcours retourné : [38, 13, 40, 5, 30, 8, 50, 56, 46, 25, 21, 49, 39, 32, 60, 57, 58, 20, 52, 37, 51, 41, 45, 35, 18, 48, 4, 2, 23, 42, 47, 1, 17, 59, 10, 14, 6, 16, 34, 11, 24, 19, 29, 12, 54, 22, 26, 44, 27, 31, 43, 3, 28, 33, 53, 7, 9, 55, 15, 36]
#########################################################################################
#########################################################################################
Δ < 0 trouvé : 
           Δ((i = 24, j = 35);(i' = 32, j' = 1) = -39
           Parcours initial : [38, 13, 40, 5, 30, 8, 50, 56, 46, 25, 21, 49, 39, 32, 60, 57, 58, 20, 52, 37, 51, 41, 45, 35, 18, 48, 4, 2, 23, 42, 47, 1, 17, 59, 10, 14, 6, 16, 34, 11, 24, 19, 29, 12, 54, 22, 26, 44, 27, 31, 43, 3, 28, 33, 53, 7, 9, 55, 15, 36]
           Parcours modifié : [38, 13, 40, 5, 30, 8, 50, 56, 46, 25, 21, 49, 39, 32, 60, 57, 58, 20, 52, 37, 51, 41, 45, 32, 18, 48, 4, 2, 23, 42, 47, 35, 17, 59, 1, 14, 6, 16, 34, 11, 24, 19, 29, 12, 54, 22, 26, 44, 27, 31, 43, 3, 28, 33, 53, 7, 9, 55, 15, 36]
           Coût init 407 - Coût modif 651
           Variation de coût : 244
           > Coût supérieur obtenu avec ce nouveau parcours -> Solution non améliorante.
           Parcours retourné : [38, 13, 40, 5, 30, 8, 50, 56, 46, 25, 21, 49, 39, 32, 60, 57, 58, 20, 52, 37, 51, 41, 45, 35, 18, 48, 4, 2, 23, 42, 47, 1, 17, 59, 10, 14, 6, 16, 34, 11, 24, 19, 29, 12, 54, 22, 26, 44, 27, 31, 43, 3, 28, 33, 53, 7, 9, 55, 15, 36]
#########################################################################################
#########################################################################################
Δ < 0 trouvé : 
           Δ((i = 35, j = 10);(i' = 32, j' = 1) = -6
           Parcours initial : [38, 13, 40, 5, 30, 8, 50, 56, 46, 25, 21, 49, 39, 32, 60, 57, 58, 20, 52, 37, 51, 41, 45, 35, 18, 48, 4, 2, 23, 42, 47, 1, 17, 59, 10, 14, 6, 16, 34, 11, 24, 19, 29, 12, 54, 22, 26, 44, 27, 31, 43, 3, 28, 33, 53, 7, 9, 55, 15, 36]
           Parcours modifié : [38, 13, 40, 5, 30, 8, 50, 56, 46, 1, 21, 49, 39, 32, 60, 57, 58, 20, 52, 37, 51, 41, 45, 35, 18, 48, 4, 2, 23, 42, 47, 10, 17, 59, 32, 14, 6, 16, 34, 11, 24, 19, 29, 12, 54, 22, 26, 44, 27, 31, 43, 3, 28, 33, 53, 7, 9, 55, 15, 36]
           Coût init 407 - Coût modif 740
           Variation de coût : 333
           > Coût supérieur obtenu avec ce nouveau parcours -> Solution non améliorante.
           Parcours retourné : [38, 13, 40, 5, 30, 8, 50, 56, 46, 25, 21, 49, 39, 32, 60, 57, 58, 20, 52, 37, 51, 41, 45, 35, 18, 48, 4, 2, 23, 42, 47, 1, 17, 59, 10, 14, 6, 16, 34, 11, 24, 19, 29, 12, 54, 22, 26, 44, 27, 31, 43, 3, 28, 33, 53, 7, 9, 55, 15, 36]
#########################################################################################
#########################################################################################
Δ < 0 trouvé : 
           Δ((i = 10, j = 25);(i' = 15, j' = 60) = -24
           Parcours initial : [38, 13, 40, 5, 30, 8, 50, 56, 46, 25, 21, 49, 39, 32, 60, 57, 58, 20, 52, 37, 51, 41, 45, 35, 18, 48, 4, 2, 23, 42, 47, 1, 17, 59, 10, 14, 6, 16, 34, 11, 24, 19, 29, 12, 54, 22, 26, 44, 27, 31, 43, 3, 28, 33, 53, 7, 9, 55, 15, 36]
           Parcours modifié : [38, 13, 40, 5, 30, 8, 50, 56, 46, 15, 21, 49, 39, 32, 25, 57, 58, 20, 52, 37, 51, 41, 45, 35, 60, 48, 4, 2, 23, 42, 47, 1, 17, 59, 10, 14, 6, 16, 34, 11, 24, 19, 29, 12, 54, 22, 26, 44, 27, 31, 43, 3, 28, 33, 53, 7, 9, 55, 15, 36]
           Coût init 407 - Coût modif 662
           Variation de coût : 255
           > Coût supérieur obtenu avec ce nouveau parcours -> Solution non améliorante.
           Parcours retourné : [38, 13, 40, 5, 30, 8, 50, 56, 46, 25, 21, 49, 39, 32, 60, 57, 58, 20, 52, 37, 51, 41, 45, 35, 18, 48, 4, 2, 23, 42, 47, 1, 17, 59, 10, 14, 6, 16, 34, 11, 24, 19, 29, 12, 54, 22, 26, 44, 27, 31, 43, 3, 28, 33, 53, 7, 9, 55, 15, 36]
#########################################################################################
#########################################################################################
Δ < 0 trouvé : 
           Δ((i = 20, j = 37);(i' = 14, j' = 32) = -36
           Parcours initial : [38, 13, 40, 5, 30, 8, 50, 56, 46, 25, 21, 49, 39, 32, 60, 57, 58, 20, 52, 37, 51, 41, 45, 35, 18, 48, 4, 2, 23, 42, 47, 1, 17, 59, 10, 14, 6, 16, 34, 11, 24, 19, 29, 12, 54, 22, 26, 44, 27, 31, 43, 3, 28, 33, 53, 7, 9, 55, 15, 36]
           Parcours modifié : [38, 13, 40, 5, 30, 8, 50, 56, 46, 25, 21, 49, 39, 37, 60, 57, 58, 20, 52, 14, 51, 41, 45, 35, 18, 48, 4, 2, 23, 42, 47, 1, 17, 59, 10, 14, 32, 16, 34, 11, 24, 19, 29, 12, 54, 22, 26, 44, 27, 31, 43, 3, 28, 33, 53, 7, 9, 55, 15, 36]
           Coût init 407 - Coût modif 428
           Variation de coût : 21
           > Coût supérieur obtenu avec ce nouveau parcours -> Solution non améliorante.
           Parcours retourné : [38, 13, 40, 5, 30, 8, 50, 56, 46, 25, 21, 49, 39, 32, 60, 57, 58, 20, 52, 37, 51, 41, 45, 35, 18, 48, 4, 2, 23, 42, 47, 1, 17, 59, 10, 14, 6, 16, 34, 11, 24, 19, 29, 12, 54, 22, 26, 44, 27, 31, 43, 3, 28, 33, 53, 7, 9, 55, 15, 36]
#########################################################################################
#########################################################################################
Δ < 0 trouvé : 
           Δ((i = 6, j = 8);(i' = 52, j' = 3) = -2
           Parcours initial : [38, 13, 40, 5, 30, 8, 50, 56, 46, 25, 21, 49, 39, 32, 60, 57, 58, 20, 52, 37, 51, 41, 45, 35, 18, 48, 4, 2, 23, 42, 47, 1, 17, 59, 10, 14, 6, 16, 34, 11, 24, 19, 29, 12, 54, 22, 26, 44, 27, 31, 43, 3, 28, 33, 53, 7, 9, 55, 15, 36]
           Parcours modifié : [38, 13, 40, 5, 30, 52, 50, 3, 46, 25, 21, 49, 39, 32, 60, 57, 58, 20, 52, 37, 51, 41, 45, 35, 18, 48, 4, 2, 23, 42, 47, 1, 17, 59, 10, 14, 6, 16, 34, 11, 24, 19, 29, 12, 54, 22, 26, 44, 27, 31, 43, 8, 28, 33, 53, 7, 9, 55, 15, 36]
           Coût init 407 - Coût modif 492
           Variation de coût : 85
           > Coût supérieur obtenu avec ce nouveau parcours -> Solution non améliorante.
           Parcours retourné : [38, 13, 40, 5, 30, 8, 50, 56, 46, 25, 21, 49, 39, 32, 60, 57, 58, 20, 52, 37, 51, 41, 45, 35, 18, 48, 4, 2, 23, 42, 47, 1, 17, 59, 10, 14, 6, 16, 34, 11, 24, 19, 29, 12, 54, 22, 26, 44, 27, 31, 43, 3, 28, 33, 53, 7, 9, 55, 15, 36]
#########################################################################################
#########################################################################################
Δ < 0 trouvé : 
           Δ((i = 8, j = 56);(i' = 15, j' = 60) = -30
           Parcours initial : [38, 13, 40, 5, 30, 8, 50, 56, 46, 25, 21, 49, 39, 32, 60, 57, 58, 20, 52, 37, 51, 41, 45, 35, 18, 48, 4, 2, 23, 42, 47, 1, 17, 59, 10, 14, 6, 16, 34, 11, 24, 19, 29, 12, 54, 22, 26, 44, 27, 31, 43, 3, 28, 33, 53, 7, 9, 55, 15, 36]
           Parcours modifié : [38, 13, 40, 5, 30, 8, 50, 15, 46, 25, 21, 49, 39, 32, 56, 57, 58, 20, 52, 37, 51, 41, 45, 35, 18, 48, 4, 2, 23, 42, 47, 1, 17, 59, 10, 14, 6, 16, 34, 11, 24, 19, 29, 12, 54, 22, 26, 44, 27, 31, 43, 3, 28, 33, 53, 60, 9, 55, 15, 36]
           Coût init 407 - Coût modif 480
           Variation de coût : 73
           > Coût supérieur obtenu avec ce nouveau parcours -> Solution non améliorante.
           Parcours retourné : [38, 13, 40, 5, 30, 8, 50, 56, 46, 25, 21, 49, 39, 32, 60, 57, 58, 20, 52, 37, 51, 41, 45, 35, 18, 48, 4, 2, 23, 42, 47, 1, 17, 59, 10, 14, 6, 16, 34, 11, 24, 19, 29, 12, 54, 22, 26, 44, 27, 31, 43, 3, 28, 33, 53, 7, 9, 55, 15, 36]
#########################################################################################
#########################################################################################
Δ < 0 trouvé : 
           Δ((i = 56, j = 7);(i' = 60, j' = 36) = -2
           Parcours initial : [38, 13, 40, 5, 30, 8, 50, 56, 46, 25, 21, 49, 39, 32, 60, 57, 58, 20, 52, 37, 51, 41, 45, 35, 18, 48, 4, 2, 23, 42, 47, 1, 17, 59, 10, 14, 6, 16, 34, 11, 24, 19, 29, 12, 54, 22, 26, 44, 27, 31, 43, 3, 28, 33, 53, 7, 9, 55, 15, 36]
           Parcours modifié : [38, 13, 40, 5, 30, 8, 36, 56, 46, 25, 21, 49, 39, 32, 60, 57, 58, 20, 52, 37, 51, 41, 45, 35, 18, 48, 4, 2, 23, 42, 47, 1, 17, 59, 10, 14, 6, 16, 34, 11, 24, 19, 29, 12, 54, 22, 26, 44, 27, 31, 43, 3, 28, 33, 53, 60, 9, 55, 15, 7]
           Coût init 407 - Coût modif 542
           Variation de coût : 135
           > Coût supérieur obtenu avec ce nouveau parcours -> Solution non améliorante.
           Parcours retourné : [38, 13, 40, 5, 30, 8, 50, 56, 46, 25, 21, 49, 39, 32, 60, 57, 58, 20, 52, 37, 51, 41, 45, 35, 18, 48, 4, 2, 23, 42, 47, 1, 17, 59, 10, 14, 6, 16, 34, 11, 24, 19, 29, 12, 54, 22, 26, 44, 27, 31, 43, 3, 28, 33, 53, 7, 9, 55, 15, 36]
#########################################################################################
#########################################################################################
Δ < 0 trouvé : 
           Δ((i = 56, j = 7);(i' = 32, j' = 1) = -6
           Parcours initial : [38, 13, 40, 5, 30, 8, 50, 56, 46, 25, 21, 49, 39, 32, 60, 57, 58, 20, 52, 37, 51, 41, 45, 35, 18, 48, 4, 2, 23, 42, 47, 1, 17, 59, 10, 14, 6, 16, 34, 11, 24, 19, 29, 12, 54, 22, 26, 44, 27, 31, 43, 3, 28, 33, 53, 7, 9, 55, 15, 36]
           Parcours modifié : [38, 13, 40, 5, 30, 8, 1, 56, 46, 25, 21, 49, 39, 32, 60, 57, 58, 20, 52, 37, 51, 41, 45, 35, 18, 48, 4, 2, 23, 42, 47, 7, 17, 59, 10, 14, 6, 16, 34, 11, 24, 19, 29, 12, 54, 22, 26, 44, 27, 31, 43, 3, 28, 33, 53, 32, 9, 55, 15, 36]
           Coût init 407 - Coût modif 372
           Variation de coût : -35
           > Coût inférieur obtenu avec ce nouveau parcours -> Solution améliorante.
           Parcours retourné : [38, 13, 40, 5, 30, 8, 1, 56, 46, 25, 21, 49, 39, 32, 60, 57, 58, 20, 52, 37, 51, 41, 45, 35, 18, 48, 4, 2, 23, 42, 47, 7, 17, 59, 10, 14, 6, 16, 34, 11, 24, 19, 29, 12, 54, 22, 26, 44, 27, 31, 43, 3, 28, 33, 53, 32, 9, 55, 15, 36]
#########################################################################################
#########################################################################################
Δ < 0 trouvé : 
           Δ((i = 56, j = 32);(i' = 57, j' = 9) = -4
           Parcours initial : [38, 13, 40, 5, 30, 8, 1, 56, 46, 25, 21, 49, 39, 32, 60, 57, 58, 20, 52, 37, 51, 41, 45, 35, 18, 48, 4, 2, 23, 42, 47, 7, 17, 59, 10, 14, 6, 16, 34, 11, 24, 19, 29, 12, 54, 22, 26, 44, 27, 31, 43, 3, 28, 33, 53, 32, 9, 55, 15, 36]
           Parcours modifié : [38, 13, 40, 5, 30, 8, 1, 56, 46, 25, 21, 49, 39, 32, 60, 57, 58, 20, 52, 37, 51, 41, 45, 35, 18, 48, 4, 2, 23, 42, 47, 9, 17, 59, 10, 14, 6, 16, 34, 11, 24, 19, 29, 12, 54, 22, 26, 44, 27, 31, 43, 3, 28, 33, 53, 57, 32, 55, 15, 36]
           Coût init 372 - Coût modif 277
           Variation de coût : -95
           > Coût inférieur obtenu avec ce nouveau parcours -> Solution améliorante.
           Parcours retourné : [38, 13, 40, 5, 30, 8, 1, 56, 46, 25, 21, 49, 39, 32, 60, 57, 58, 20, 52, 37, 51, 41, 45, 35, 18, 48, 4, 2, 23, 42, 47, 9, 17, 59, 10, 14, 6, 16, 34, 11, 24, 19, 29, 12, 54, 22, 26, 44, 27, 31, 43, 3, 28, 33, 53, 57, 32, 55, 15, 36]
#########################################################################################
Nombre de solutions potentiellement améliorantes détectées : 19
Cout AV = 407
Cout AP = 277
Delta coût : -130
Parcours final : [38, 13, 40, 5, 30, 8, 1, 56, 46, 25, 21, 49, 39, 32, 60, 57, 58, 20, 52, 37, 51, 41, 45, 35, 18, 48, 4, 2, 23, 42, 47, 9, 17, 59, 10, 14, 6, 16, 34, 11, 24, 19, 29, 12, 54, 22, 26, 44, 27, 31, 43, 3, 28, 33, 53, 57, 32, 55, 15, 36]
